# radius 8 A, dr 0.2 A, 136 contact types
C2M-C2N 5.06356 5.06356 5.06356 5.06356 5.06356 5.06356 5.06356 5.06356 5.06356 5.06356 5.06356 5.06356 5.06356 2.76734 5.06356 -1.23071 -1.16927 -0.774237 -0.244395 -0.812299 -0.549887 0.0892439 -0.493237 -0.382277 0.108163 -0.419795 -0.192695 0.137563 0.294687 0.539745 -0.0648914 -0.0580003 0.0507156 -0.156866 -0.389265 0.0871202 0.050489 0.35611 0.0946405 -0.0431925
C2M-C2P 5.06356 5.06356 5.06356 5.06356 5.06356 5.06356 5.06356 5.06356 5.06356 5.06356 5.06356 5.06356 2.27109 5.06356 1.48473 -0.625049 -0.545002 -0.736143 -1.49045 -0.421089 -0.174113 0.0614953 -0.086212 -0.422419 0.426941 0.0938171 0.536222 0.716918 -0.256136 -0.268037 -0.530605 0.471738 0.424552 0.0667094 0.077983 0.433079 -0.362975 -0.373957 -0.0871577 -0.0254477
C2M-C2X 5.06356 5.06356 5.06356 5.06356 5.06356 5.06356 5.06356 5.06356 5.06356 5.06356 5.06356 5.06356 5.06356 5.06356 0.798847 -0.210007 -1.40809 -0.524644 -0.521486 -0.147148 -0.720945 0.273486 -0.741702 0.0292116 -0.139209 0.473465 -0.26652 0.349823 0.554259 0.60068 -0.168531 -0.0495323 -0.109903 0.144141 0.104046 -0.24482 -0.0672101 -0.00841982 -0.194865 -0.197423
C2M-C3F 5.06356 5.06356 5.06356 5.06356 5.06356 5.06356 5.06356 5.06356 5.06356 5.06356 5.06356 5.06356 -3.76834 5.06356 5.06356 -1.88435 5.06356 -1.01962 -1.88403 -1.78792 -0.217339 0.0508491 -1.19199 -0.432474 -0.199236 -0.00988518 -0.77526 -1.0243 -0.174041 -0.543619 0.839364 0.181801 0.608962 0.53749 -0.307685 -0.4878 0.525217 0.791515 -0.00746876 -0.382128
C2M-C3X 5.06356 5.06356 5.06356 5.06356 5.06356 5.06356 5.06356 5.06356 5.06356 5.06356 5.06356 5.06356 -1.4218 5.06356 5.06356 1.66499 0.909449 -0.29097 -0.343733 -0.543168 -0.284359 -0.739244 -0.465052 0.116746 -0.302495 -0.368139 -0.673672 -0.140109 0.0143785 -0.209134 -0.384596 -0.244211 0.227078 0.454213 0.15157 0.0373185 -0.173561 0.347934 -0.288697 0.0744081
C2M-N21 5.06356 5.06356 5.06356 5.06356 5.06356 5.06356 5.06356 5.06356 5.06356 5.06356 5.06356 5.06356 5.06356 5.06356 -0.98467 -1.44306 -0.185541 -0.332826 -0.519031 0.0097605 -1.40164 0.191983 -0.431312 0.262181 -0.533248 -0.838779 -0.573682 1.95405 -0.331924 -0.270315 -0.567125 -0.458214 0.428806 0.294947 0.556551 0.15585 0.257063 -0.115421 -0.121265 0.349169
C2M-N22 5.06356 5.06356 5.06356 5.06356 5.06356 5.06356 5.06356 5.06356 5.06356 5.06356 5.06356 5.06356 5.06356 2.35121 5.06356 -1.09325 -0.418119 -0.527339 -0.138016 -0.419263 -0.717038 -0.26083 0.4469 0.887855 -0.108124 -0.492696 -0.158906 0.167494 0.190447 -0.137921 0.548979 -0.441947 -0.322082 0.254459 -0.0874084 -0.296001 -0.0981647 0.225584 0.165786 -0.278291
C2M-N2N 5.06356 5.06356 5.06356 5.06356 5.06356 5.06356 5.06356 5.06356 5.06356 5.06356 5.06356 5.06356 5.06356 -0.144006 5.06356 -0.961723 -1.05457 -1.29847 -0.55566 -1.26831 -0.138116 -0.926282 -0.564104 0.592928 0.0833106 -0.213703 -0.234113 0.353597 -0.0488693 0.37358 0.338847 0.0278777 -0.131343 -0.278942 0.0228743 0.292263 0.0734633 0.29688 0.10539 -0.28412
C2M-N2X 5.06356 5.06356 5.06356 5.06356 5.06356 5.06356 5.06356 5.06356 5.06356 5.06356 5.06356 5.06356 5.06356 5.06356 0.826714 5.06356 -1.66362 -1.57938 -0.79987 0.250724 0.766777 -1.29021 -0.613501 -0.171192 0.239219 -0.950266 0.87103 -0.351606 -0.416319 -0.103167 1.05738 0.52306 0.036176 -0.114845 0.251286 -0.172744 -0.0661483 0.311188 -0.551049 0.153752
C2M-O2 5.06356 5.06356 5.06356 5.06356 5.06356 5.06356 5.06356 5.06356 5.06356 5.06356 5.06356 5.06356 1.80771 0.2046 1.34858 -0.948088 -0.837825 -0.00910882 -0.851168 -1.19736 -0.191247 -0.398196 0.0639813 -0.62721 -0.925387 -0.221389 -0.22502 -0.390812 -0.612575 0.990874 0.312064 0.43571 -0.223961 -0.280287 0.153182 0.275538 0.153406 0.223615 0.592307 -0.156635
C2M-O31 5.06356 5.06356 5.06356 5.06356 5.06356 5.06356 5.06356 5.06356 5.06356 5.06356 5.06356 5.06356 5.06356 4.0384 -3.6446 -1.10203 -1.12087 -0.770256 0.21644 0.141136 -0.227426 -1.75911 -0.100103 -0.611007 -0.88719 0.746045 0.560836 -0.199954 0.315473 0.550449 -0.523874 0.0639738 -0.49259 -0.5115 0.0925124 1.15565 0.962056 -0.254452 0.0285023 -0.788565
C2M-O32 5.06356 5.06356 5.06356 5.06356 5.06356 5.06356 5.06356 5.06356 5.06356 5.06356 5.06356 5.06356 2.46186 5.06356 5.06356 -0.527891 -0.991733 0.492676 -0.207774 -0.55034 -0.208937 -0.0267521 0.139086 -0.604007 -0.610586 0.405244 0.169594 -0.0588696 -0.498054 -0.337206 -0.31829 0.296795 -0.0415376 0.0185437 -0.0745876 -0.185719 0.156053 0.0292968 -0.0107335 -0.104288
C2M-OC 5.06356 5.06356 5.06356 5.06356 5.06356 5.06356 5.06356 5.06356 5.06356 5.06356 5.06356 5.06356 5.06356 4.0384 1.16338 -3.16294 -3.82589 -3.567 0.34836 -1.64063 0.5528 0.708103 0.121166 0.340318 0.261599 -0.689137 0.885017 0.632139 -0.389744 0.67144 0.404198 0.216425 -0.577731 -0.358521 0.182054 0.175665 0.332499 -0.467121 -0.0953922 -0.575752
C2M-P 5.06356 5.06356 5.06356 5.06356 5.06356 5.06356 5.06356 5.06356 5.06356 5.06356 5.06356 5.06356 5.06356 5.06356 5.06356 2.76153 0.85963 -0.785227 5.06356 -4.62731 -1.55596 -4.02543 -1.29878 -1.36087 -0.488568 -1.34119 0.586901 0.438213 -0.944976 -0.571078 1.32693 1.14078 0.280205 -0.98034 0.154908 -0.548659 -0.49438 -0.433864 0.550373 0.629616
C2N-C2N 5.06356 5.06356 5.06356 5.06356 5.06356 5.06356 5.06356 5.06356 5.06356 5.06356 5.06356 5.06356 5.06356 5.06356 2.3891 1.07217 -1.00999 -0.653451 -0.279705 -0.294921 -1.43145 -0.459565 -0.0101783 0.0859431 0.139181 0.327446 -0.120955 1.0917 0.048475 0.24408 0.125812 -0.0930927 0.155088 -0.421292 -0.202169 -0.350766 -0.284067 0.369009 -0.111059 0.172094
C2N-C2P 5.06356 5.06356 5.06356 5.06356 5.06356 5.06356 5.06356 5.06356 5.06356 5.06356 5.06356 5.06356 5.06356 5.06356 1.37306 1.25808 0.436642 -0.720047 -0.143237 0.0540652 -0.349937 -0.328752 -0.0826132 -0.580017 -0.313064 0.577572 0.270555 0.0754873 0.474975 0.180421 0.332966 -0.0347192 -0.100952 -0.151515 -0.353814 -0.0682051 -0.00349053 -0.350939 -0.166823 0.101081
C2N-C2X 5.06356 5.06356 5.06356 5.06356 5.06356 5.06356 5.06356 5.06356 5.06356 5.06356 5.06356 4.0601 5.06356 1.94855 2.8931 0.476174 -1.07204 -0.583517 -0.149342 -0.156908 -0.178816 -0.113124 -0.103142 -0.125291 0.152853 0.277317 0.0176261 0.117924 -0.0613595 -0.241592 0.0165427 0.0777019 0.0461086 -0.134842 -0.193709 -0.147882 0.00441238 -0.125014 0.00508233 -0.0160583
C2N-C3F 5.06356 5.06356 5.06356 5.06356 5.06356 5.06356 5.06356 -0.752154 5.06356 5.06356 -1.77781 -0.657387 -5.51102 3.12713 3.40567 1.92961 -0.682553 0.612622 0.332081 -0.288512 -0.141628 -0.418026 -0.320512 -0.129956 -0.395876 0.303523 0.385757 0.29911 0.389411 0.275251 0.393663 -0.140049 -0.139333 -0.0756457 -0.137587 -0.211771 -0.114327 -0.0490801 -0.438314 -0.217065
C2N-C3X 5.06356 5.06356 5.06356 5.06356 5.06356 5.06356 5.06356 0.947425 5.06356 5.06356 5.06356 5.06356 -0.99465 4.02446 3.42789 0.754984 -1.31593 -1.35918 -0.465656 -0.675974 0.0173109 -0.273887 -0.0525376 -0.23826 0.181271 -0.130619 0.192859 0.113964 0.028128 0.108825 0.162586 0.0953489 0.0295005 0.0943828 -0.0319867 -0.238044 -0.165436 -0.314792 -0.285082 -0.194332
C2N-N21 5.06356 5.06356 5.06356 5.06356 5.06356 5.06356 5.06356 5.06356 5.06356 5.06356 5.06356 5.06356 3.22471 1.27837 3.14149 -0.898588 -0.51154 -0.831009 -0.693633 -0.204621 -0.279011 -0.543209 -0.577125 -0.833635 -0.535258 0.247092 0.189987 0.503638 0.653872 -0.0633762 0.273286 -0.221975 0.574941 0.286058 -0.222955 -0.850011 -0.120456 0.216746 0.232152 0.264381
C2N-N22 5.06356 5.06356 5.06356 5.06356 5.06356 5.06356 5.06356 5.06356 5.06356 5.06356 5.06356 5.06356 5.06356 1.02404 2.74714 0.437286 -0.502805 -0.286644 -0.603327 -0.517644 -0.832484 0.0221231 0.209452 0.0900565 0.148153 -0.291283 0.336976 -0.150984 0.326438 -0.0162377 0.255736 0.0450149 0.0618689 -0.0430482 -0.217858 -0.285965 -0.165855 -0.0325601 0.00317017 0.18872
C2N-N2N 5.06356 5.06356 5.06356 5.06356 5.06356 5.06356 5.06356 5.06356 5.06356 5.06356 5.06356 5.06356 5.06356 5.06356 3.64154 1.06618 0.270826 -0.791587 -2.3037 -0.469069 -0.835813 0.848005 -0.695534 0.215921 0.963382 0.270594 0.140842 -0.0715331 -0.194172 0.292654 0.193872 0.326055 0.0488418 -0.122919 -0.378326 -0.410847 -0.0194826 -0.0143379 0.281088 0.0132475
C2N-N2X 5.06356 5.06356 5.06356 5.06356 5.06356 5.06356 5.06356 5.06356 5.06356 5.06356 5.06356 5.06356 5.06356 5.06356 5.06356 3.01647 -1.11582 0.9292 0.355217 -0.0874015 -0.582017 0.29049 0.0804172 -0.319119 -0.53096 0.605581 -0.458864 -0.640311 0.457968 0.0479292 -0.0913526 0.512705 -0.187518 0.323983 -0.0381702 0.471266 -0.351702 -0.665049 -0.0997515 -0.286166
C2N-NC 5.06356 5.06356 5.06356 5.06356 5.06356 5.06356 5.06356 5.06356 5.06356 5.06356 5.06356 5.06356 5.06356 2.76373 4.9867 3.02182 -0.918608 -1.07023 -0.302948 -0.0296441 -0.844006 -0.590338 0.227056 0.104237 0.3656 0.506392 0.0906966 0.671774 0.229119 0.0882597 -0.28598 -0.887385 -0.206892 0.44139 -0.00122958 0.343691 0.109436 -0.466431 -0.307941 -0.183933
C2N-O2 5.06356 5.06356 5.06356 5.06356 5.06356 5.06356 5.06356 5.06356 5.06356 5.06356 5.06356 5.06356 5.06356 0.608605 2.52 0.108935 -0.56287 -0.0960533 -1.31372 0.140316 -0.319001 0.199952 0.216875 0.393823 -0.28161 -0.425456 0.121708 0.114985 0.0416821 0.115673 -0.0948907 0.0489542 -0.118703 -0.194594 0.179243 -0.101904 0.090138 0.296923 -0.24596 -0.264166
C2N-O31 5.06356 5.06356 5.06356 5.06356 5.06356 5.06356 5.06356 5.06356 5.06356 5.06356 5.06356 5.06356 2.49874 5.06356 -1.27623 0.404161 1.12063 0.804432 0.0533523 0.0643815 0.153534 0.339489 -0.367488 -0.426441 -0.0964367 -0.488251 -0.28164 0.335995 0.0673874 0.472095 0.22654 -0.12869 0.037362 0.0458192 0.0642579 -0.0178494 -0.273445 -0.494821 -0.365442 -0.0589785
C2N-O32 5.06356 5.06356 5.06356 5.06356 5.06356 5.06356 5.06356 5.06356 5.06356 5.06356 5.06356 5.06356 3.04596 -0.0995367 0.652573 -0.950424 -0.965872 0.0340837 -1.21811 -0.171115 -0.0435707 0.226338 -0.696005 -0.135652 -0.0884824 -0.197946 -0.5283 0.0151067 0.0419324 0.228761 0.0091914 0.137648 0.321487 0.123381 0.299458 -0.00111579 -0.316184 -0.253001 -0.121676 -0.307251
C2N-OC 5.06356 5.06356 5.06356 5.06356 5.06356 5.06356 5.06356 5.06356 5.06356 5.06356 5.06356 5.06356 5.06356 4.0384 1.64973 -1.78977 -1.79613 -0.615642 -0.811962 -0.37513 0.517356 -0.0263091 0.0688867 0.0291537 0.239411 -0.432811 -0.0771503 0.121936 -0.115657 -0.337034 -0.226568 -0.460249 0.557255 -0.131252 -0.0481347 0.15911 -0.147231 -0.139724 0.140602 0.0106249
C2N-P 5.06356 5.06356 5.06356 5.06356 5.06356 5.06356 5.06356 5.06356 5.06356 5.06356 5.06356 5.06356 5.06356 5.06356 5.06356 2.76153 0.85963 0.127322 -0.137452 1.88348 2.87254 -1.18141 0.279564 -1.08205 -0.06194 0.307723 0.40121 -0.964827 -0.377 0.0742326 -0.266736 -0.485009 -0.373747 -0.808144 -0.163996 -0.384321 0.226375 -0.93839 1.03833 0.716669
C2N-SX 5.06356 5.06356 5.06356 5.06356 5.06356 5.06356 5.06356 5.06356 5.06356 5.06356 5.06356 5.06356 5.06356 5.06356 -1.08095 5.06356 3.17591 0.287409 -0.643995 -0.676177 0.0434681 -0.99313 -2.37276 -0.95582 -1.02308 0.0291741 -0.160506 0.280659 -0.479564 2.30189 -0.434568 -0.606602 0.586338 0.568483 -0.255237 0.258453 -0.320076 -0.436444 0.289328 0.845845
C2P-C2P 5.06356 5.06356 5.06356 5.06356 5.06356 5.06356 5.06356 5.06356 5.06356 5.06356 5.06356 5.06356 -3.02635 5.06356 0.899869 3.51282 -1.81211 -0.663699 -0.711295 0.0142007 -0.503981 0.100225 0.141912 0.316363 -0.358267 -0.315777 0.659222 0.453516 0.054018 0.290366 -0.42091 0.22556 0.0371443 -0.533384 -0.277672 -0.314573 -0.224748 0.0456053 0.0622158 0.410551
C2P-C2X 5.06356 5.06356 5.06356 5.06356 5.06356 5.06356 5.06356 5.06356 5.06356 5.06356 5.06356 5.06356 3.38021 3.37541 0.502368 0.306768 -0.880409 -0.599503 -0.297258 -0.500783 -0.228196 -0.193567 -0.0933209 0.0765707 -0.1401 0.108725 -0.0402074 0.142576 0.0939764 0.102776 0.0131126 0.272883 -0.151826 -0.081958 -0.0266693 -0.038205 0.0461108 -0.157495 -0.18846 -0.0682428
C2P-C3F 5.06356 5.06356 5.06356 5.06356 5.06356 5.06356 5.06356 5.06356 5.06356 5.06356 5.06356 1.59063 -3.13129 0.186715 0.444316 4.31986 3.45848 -0.804788 -0.371839 0.378721 -0.942278 -1.33822 -1.1792 -0.487229 -0.0723031 -0.185776 -0.501342 0.341524 0.302438 0.45157 0.554988 -0.0695982 -0.0148057 0.561635 -0.0199967 0.156946 0.0134875 -0.0933957 -0.578879 -0.0615357
C2P-C3X 5.06356 5.06356 5.06356 5.06356 5.06356 5.06356 5.06356 5.06356 5.06356 5.06356 5.06356 5.06356 0.355308 5.06356 3.62246 1.74169 0.857351 -0.0063339 -0.239083 0.17746 -0.391305 -0.808992 -0.314704 -0.00397099 -0.243997 -0.0889264 -0.208778 0.172538 -0.10502 -0.000760616 -0.135943 -0.0655155 0.109453 -0.0279049 -0.0716662 -0.151169 0.099666 -0.180437 -0.355922 -0.0770563
C2P-N21 5.06356 5.06356 5.06356 5.06356 5.06356 5.06356 5.06356 -2.47374 5.06356 5.06356 5.06356 5.06356 5.06356 2.30059 0.708833 -2.5454 -1.03244 0.03456 -0.144592 -0.71074 -0.736882 -0.52752 0.448848 0.00360755 -0.325546 0.0399072 -0.117169 0.265404 -0.25639 0.316516 -0.0683347 0.167458 0.52282 -0.243487 0.110552 -0.186978 -0.0281195 -0.151608 -0.360888 0.285672
C2P-N22 5.06356 5.06356 5.06356 5.06356 5.06356 5.06356 5.06356 5.06356 5.06356 5.06356 5.06356 5.06356 5.06356 4.26392 1.94938 -0.585985 -0.730011 -0.624505 0.0882722 -0.582798 0.193258 -0.282241 -0.104282 -0.108596 0.0496995 -0.599032 0.29966 -0.170796 0.257794 0.501609 0.645342 -0.0888472 0.27938 -0.111626 -0.331041 0.0348554 -0.187524 -0.14118 -0.213856 -0.0111371
C2P-N2N 5.06356 5.06356 5.06356 5.06356 5.06356 5.06356 5.06356 5.06356 5.06356 5.06356 5.06356 5.06356 5.06356 5.06356 2.54232 2.49471 -0.922259 -0.127843 -0.77957 -0.458965 -0.289068 0.346436 -0.252325 0.174734 -0.373995 -0.107593 -0.291176 -0.32737 0.176147 -0.219883 0.115743 0.723196 0.0462076 0.0484597 0.0991442 0.104499 -0.0554147 -0.186813 -0.498059 0.172907
C2P-N2X 5.06356 5.06356 5.06356 5.06356 5.06356 5.06356 5.06356 5.06356 5.06356 5.06356 5.06356 5.06356 5.06356 5.06356 5.06356 -0.633732 0.708339 0.156513 -0.661188 -1.03983 -0.364769 -0.609154 1.11668 0.18875 -0.0219908 0.25054 0.697173 -0.503274 0.306771 0.145418 0.0125591 0.00218267 -0.436846 0.232226 -0.226714 -0.433368 -0.5551 0.0183467 0.0390766 0.121462
C2P-NC 5.06356 5.06356 5.06356 5.06356 5.06356 5.06356 5.06356 -1.34699 5.06356 5.06356 5.06356 5.06356 5.06356 5.06356 1.93329 0.380828 -1.88777 -0.401285 0.424607 0.904972 0.557827 -0.430581 0.886608 0.693112 -0.783347 -0.485016 -0.521357 0.0598664 -0.328482 -0.423122 0.412781 0.521545 0.289496 -0.197026 0.299678 0.560681 -0.277379 -0.0309908 -0.295047 -0.782656
C2P-O2 5.06356 5.06356 5.06356 5.06356 5.06356 5.06356 5.06356 5.06356 5.06356 5.06356 5.06356 5.06356 -1.30014 5.06356 0.265057 -0.545211 -0.902905 0.0680946 -0.546514 -0.567361 -0.632829 -0.360226 -0.0370103 0.121003 -0.120492 0.15066 0.407306 0.0750931 0.0377383 0.117686 0.0781939 0.180992 0.120451 -0.55535 -0.0634255 0.0406469 -0.316241 0.0934792 -0.0375615 0.236114
C2P-O31 5.06356 5.06356 5.06356 5.06356 5.06356 5.06356 5.06356 5.06356 5.06356 5.06356 5.06356 5.06356 3.38309 5.06356 -1.09971 0.78211 -0.263314 -0.307072 -0.414284 -0.752775 0.30258 -0.204587 0.286312 0.57212 -0.440308 0.0824448 -0.463758 0.70758 0.994053 0.230366 -0.204103 -0.0968427 -0.046378 0.240909 -0.186218 -0.230361 0.330978 -0.304925 -0.50549 -0.316718
C2P-O32 5.06356 5.06356 5.06356 5.06356 5.06356 5.06356 5.06356 5.06356 5.06356 5.06356 5.06356 5.06356 0.869577 2.50842 -0.788442 0.151991 -0.338253 0.289501 -0.501962 -0.315671 0.0473923 -0.0899333 0.158202 -0.0677473 -0.132773 -0.141007 0.226881 -0.287969 -0.0841941 -0.222978 0.0980563 -0.177767 0.017438 0.0452894 -0.1019 -0.14956 -0.223057 -0.220553 -0.0939698 -0.118202
C2P-OC 5.06356 5.06356 5.06356 5.06356 5.06356 5.06356 5.06356 5.06356 5.06356 5.06356 5.06356 5.06356 5.06356 4.0384 -0.771421 -2.75668 -0.149531 0.291277 0.694301 1.64758 1.05456 0.55738 -0.573631 1.92603 0.508472 0.224975 -0.522133 0.616451 -0.192341 0.0259574 0.031958 0.0057659 0.306721 -0.0314913 -0.041093 -0.469978 -0.636659 -0.0808864 -0.469251 -0.331051
C2P-P 5.06356 5.06356 5.06356 5.06356 5.06356 5.06356 5.06356 5.06356 5.06356 5.06356 5.06356 5.06356 5.06356 5.06356 5.06356 2.76153 0.85963 0.127322 -0.0205942 0.881748 -0.840185 2.58402 -1.22571 0.293628 0.362351 0.795631 -1.16155 0.136276 -0.189938 -0.0921705 -1.03541 1.27797 0.0789007 1.56019 -0.927905 -0.491394 -0.342763 0.301874 -0.932512 -0.410959
C2X-C2X 5.06356 5.06356 5.06356 5.06356 5.06356 5.06356 5.06356 5.06356 5.06356 5.06356 5.06356 5.06356 2.36831 5.06356 0.326297 0.530272 -0.298773 -0.916983 -0.1333 -0.283134 -0.561086 -0.319154 -0.526891 -0.012866 -0.0463084 0.0508052 0.232823 0.110021 0.00281687 -0.0270274 0.314835 0.0900633 0.155518 -0.282439 -0.13858 -0.133226 -0.148095 0.00922046 -0.103758 0.290701
C2X-C3F 5.06356 5.06356 5.06356 5.06356 5.06356 5.06356 5.06356 -0.779051 5.06356 5.06356 3.11145 3.76114 1.98535 5.06356 -0.776077 1.47431 0.983614 -0.596909 0.379228 0.387942 0.21645 0.0815983 -0.313237 -0.289367 -0.460317 -0.591139 0.0194885 0.00904229 0.0946675 0.052458 0.312021 -0.234803 0.0665962 0.28676 -0.151159 0.0245564 -0.223413 -0.283179 -0.300294 -0.0318464
C2X-C3X 5.06356 5.06356 5.06356 5.06356 5.06356 5.06356 5.06356 5.06356 5.06356 5.06356 4.02129 5.06356 4.64773 3.74828 4.63208 1.50974 0.713513 0.153719 -0.125576 0.0308435 -0.23982 -0.149717 -0.178166 -0.42855 -0.150431 -0.173596 -0.0516745 -0.063646 -0.0457614 -0.0730826 -0.00676357 0.00898308 0.118563 0.0414005 -0.177066 -0.203038 -0.132316 0.0355408 -0.171689 -0.0466422
C2X-N21 5.06356 5.06356 5.06356 5.06356 5.06356 5.06356 5.06356 0.755913 5.06356 5.06356 3.48736 -3.01866 0.796765 0.58527 -0.300827 0.174553 -0.792211 -0.248885 -0.258237 -0.0828827 -0.0391239 -0.567709 -0.208626 -0.288455 -0.126345 -0.298973 -0.154266 0.390567 -0.0265122 -0.0429313 -0.167084 -0.0781481 0.0989031 0.101334 -0.00216547 -0.0043738 0.113229 -0.0504134 -0.17087 0.192175
C2X-N22 5.06356 5.06356 5.06356 5.06356 5.06356 5.06356 5.06356 5.06356 5.06356 5.06356 5.06356 5.06356 3.51149 1.1461 1.84198 0.0225363 -0.678104 -0.0396243 0.0462095 -0.142366 -0.451787 -0.486131 -0.146987 -0.277845 -0.0240365 -0.245105 0.0267553 -0.139156 0.0304802 0.360962 0.0907856 -0.0340778 -0.103821 -0.0568815 -0.0873137 -0.0804628 -0.129408 0.0790347 0.0160516 -0.0136163
C2X-N2N 5.06356 5.06356 5.06356 5.06356 5.06356 5.06356 5.06356 5.06356 5.06356 5.06356 5.06356 5.06356 5.06356 2.47647 1.24273 -0.517001 -0.670309 -0.646385 -0.242529 -0.290234 -0.126849 -0.218104 -0.227639 -0.189883 -0.416133 0.0565172 0.239047 0.121608 0.0707429 0.0507196 0.138635 0.174211 -0.289344 0.140726 -0.100507 -0.242024 -0.0777146 -0.0544447 0.184203 -0.101465
C2X-N2X 5.06356 5.06356 5.06356 5.06356 5.06356 5.06356 5.06356 5.06356 5.06356 5.06356 5.06356 5.06356 5.06356 5.06356 0.716179 2.72317 0.209481 -0.595595 -0.29621 0.164169 -0.329188 -0.252707 -0.361558 -0.21162 -0.432069 0.106456 0.535824 -0.0284011 -0.0670187 -0.145747 -0.0451131 0.140623 0.235314 -0.228717 -0.241692 0.0960601 0.0204492 -0.00873283 -0.0371822 -0.305348
C2X-NC 5.06356 5.06356 5.06356 5.06356 5.06356 5.06356 5.06356 5.06356 5.06356 5.06356 5.06356 5.06356 1.72646 5.06356 5.06007 -0.123942 -0.386188 1.07107 -0.178205 0.325177 -0.104207 -0.411854 0.192659 -0.605368 -0.161744 0.53842 -0.276946 0.295025 -0.360534 -0.135657 -0.079029 0.0801859 0.430719 -0.0729774 -0.247251 -0.431632 -0.0582204 -0.341079 0.021699 0.00788796
C2X-O2 5.06356 5.06356 5.06356 5.06356 5.06356 5.06356 5.06356 5.06356 5.06356 5.06356 5.06356 5.06356 5.06356 -0.147703 0.994616 -0.1016 -0.367354 -0.367973 -0.169535 -0.527259 -0.164875 -0.638309 -0.0134947 -0.241423 0.0198544 0.0437518 0.00947691 0.0446706 0.0738152 0.235332 -0.134232 -0.300809 0.130446 0.0612344 -0.145345 0.129596 -0.0355297 0.0325714 -0.168828 0.0705676
C2X-O31 5.06356 5.06356 5.06356 5.06356 5.06356 5.06356 5.06356 5.06356 5.06356 5.06356 5.06356 5.06356 2.06743 3.31872 2.36192 -0.794299 -0.247919 0.0805734 -0.679136 -0.422573 0.656963 0.154145 0.106173 0.325096 0.165976 -0.0994246 0.185879 0.241695 -0.0857931 -0.257051 0.710646 0.107194 -0.277394 0.0511296 -0.202544 0.0311873 -0.122483 -0.30516 -0.208874 -0.314972
C2X-O32 5.06356 5.06356 5.06356 5.06356 5.06356 5.06356 5.06356 5.06356 5.06356 5.06356 5.06356 5.06356 2.03547 -1.22635 0.0209343 0.459932 -0.290862 -0.178661 0.0542158 0.0448721 -0.107323 -0.12317 -0.151198 -0.0603872 -0.0836761 -0.091154 -0.0317987 0.124585 -0.0446408 -0.043756 0.237944 0.0571077 0.137466 -0.163759 -0.213747 0.0306667 -0.0952983 -0.377381 -0.0300146 -0.219375
C2X-OC 5.06356 5.06356 5.06356 5.06356 5.06356 5.06356 5.06356 5.06356 5.06356 5.06356 5.06356 5.06356 3.79352 4.63096 2.75777 -2.02445 0.797365 0.991206 1.18234 1.17704 -0.111615 0.225298 0.690483 0.176682 0.734452 -0.195686 0.379217 0.442273 0.396317 0.12185 -0.0938768 -0.418814 0.075983 -0.252908 -0.303181 -0.404892 -0.512554 -0.143956 -0.482171 -0.180284
C2X-P 5.06356 5.06356 5.06356 5.06356 5.06356 5.06356 5.06356 5.06356 5.06356 5.06356 5.06356 5.06356 5.06356 5.06356 5.06356 2.76153 0.85963 1.10433 -0.968644 0.812679 0.532462 0.60266 1.55559 0.858103 -0.261915 -0.533568 -0.574755 -0.263595 -0.457067 -0.179359 -0.298226 -0.028299 -0.054052 -0.0966488 -0.230858 0.287965 -0.0746966 -0.40704 -0.353281 -0.430392
C3F-C3F 5.06356 5.06356 5.06356 5.06356 5.06356 5.06356 5.06356 5.06356 5.06356 5.06356 5.06356 5.06356 1.33587 1.4 0.439021 -0.157353 -2.51498 1.58785 2.71421 0.143154 2.88187 2.26256 0.356392 0.363817 1.15483 0.403053 0.60301 0.278955 0.638787 -0.778559 -0.0728859 0.245333 -0.525342 -1.07901 -0.310825 -0.154323 0.302112 -0.679517 -0.401915 -0.613126
C3F-C3X 5.06356 5.06356 5.06356 5.06356 5.06356 5.06356 5.06356 5.06356 5.06356 5.06356 5.06356 5.06356 5.06356 5.06356 5.06356 0.538537 0.501804 0.888369 2.39531 0.689557 0.394176 -0.820045 -0.630507 -0.33952 0.0948188 -0.443797 0.182801 -0.351824 -0.256288 -0.236696 -0.244137 0.031852 -0.33561 0.0153652 -0.162778 -0.161608 -0.21494 0.13102 -0.0984912 0.0256208
C3F-N21 5.06356 5.06356 5.06356 5.06356 5.06356 5.06356 -4.64074 -5.70349 5.06356 5.06356 5.06356 3.33779 -2.44929 5.06356 3.68597 -1.36688 0.360187 0.988366 0.168582 -0.12088 0.31822 0.104941 0.698151 -1.13403 0.244721 1.13928 -0.0764221 -0.242339 -0.225784 -0.130107 0.530856 0.0214776 0.529718 -0.709954 -0.15428 0.412608 -0.872054 -0.30909 -0.178534 0.682229
C3F-N22 5.06356 5.06356 5.06356 5.06356 5.06356 5.06356 5.06356 -0.641974 5.06356 5.06356 5.06356 5.06356 2.0322 2.54941 -2.41256 0.0686923 0.0141824 -0.214821 -0.198089 0.795911 -0.224013 -0.822737 -0.18129 -0.338312 -0.18907 0.330618 -0.25768 -0.102618 0.274912 0.594722 0.221456 -0.304104 0.0600716 -0.292427 -0.14867 0.211992 -0.224183 -0.0226809 0.256783 -0.518296
C3F-N2N 5.06356 5.06356 5.06356 5.06356 5.06356 5.06356 5.06356 0.777647 5.06356 5.06356 5.06356 5.06356 -1.79822 5.06356 -1.55956 3.86841 -0.712902 -0.626334 -0.394565 -1.47998 0.707148 0.177272 -1.18875 -0.228674 -0.295855 -0.136717 -0.242183 -0.00326683 -0.0858612 -0.0496906 0.69769 0.338416 0.414783 -0.160004 -0.0786228 0.111084 -0.182091 -0.135272 -0.170458 -0.605101
C3F-N2X 5.06356 5.06356 5.06356 5.06356 5.06356 5.06356 5.06356 5.06356 5.06356 5.06356 5.06356 5.06356 5.06356 5.06356 5.06356 -0.873412 0.388067 -1.89417 -0.640826 1.67667 -1.72185 1.29883 0.631651 -0.319857 -0.866165 -0.443561 -1.05212 -0.0303123 -0.269302 -0.248013 -0.416084 0.198233 -0.0853826 0.246255 0.130942 -0.277681 0.264006 0.308718 0.0278195 -0.166562
C3F-O2 5.06356 5.06356 5.06356 5.06356 5.06356 5.06356 5.06356 5.06356 5.06356 5.06356 5.06356 5.06356 5.06356 0.380197 -1.0038 -2.21832 -1.32839 -0.261832 0.0121792 -0.421838 0.436242 -0.274482 0.250349 0.276377 0.693277 0.154197 -0.284644 -0.0164084 0.560986 -0.188681 0.0234701 -0.182797 -0.369606 0.212914 -0.0268769 -0.331363 -0.308636 -0.0861472 -0.0423978 0.0972406
C3F-O31 5.06356 5.06356 5.06356 5.06356 5.06356 5.06356 5.06356 -4.20368 5.06356 5.06356 5.06356 5.06356 -4.44141 2.27627 5.06356 -2.64193 -0.293953 1.14098 -0.324566 0.434039 -0.513918 0.180666 0.0933531 -0.505965 0.0783383 -0.0627006 -0.503824 0.336298 0.372054 1.83052 -0.958362 -0.419128 0.421074 -0.00836146 -0.387261 -0.368896 -0.369322 0.553194 0.164728 -0.225445
C3F-O32 5.06356 5.06356 5.06356 5.06356 5.06356 5.06356 5.06356 5.06356 5.06356 5.06356 5.06356 5.06356 4.07123 -1.34344 -2.07975 -0.820978 -0.901379 -0.886114 0.0448352 0.192479 -0.938099 0.669054 -1.05602 0.522036 -0.277909 0.189457 -0.311634 -0.561577 -0.0527596 -0.131989 -0.310992 -0.0318351 0.00355015 0.323291 -0.644915 0.262025 0.18145 0.16558 -0.0295584 -0.23372
C3F-OC 5.06356 5.06356 5.06356 5.06356 5.06356 5.06356 5.06356 5.06356 5.06356 5.06356 5.06356 5.06356 5.06356 1.39233 -0.89751 -0.786898 0.0878179 -0.889839 -0.530908 0.74997 0.691177 0.706909 -1.24408 0.137664 -0.036657 -1.27291 -0.347026 -0.152346 -0.204151 -0.153624 -0.0799357 0.0476173 -0.0706708 -0.428165 -0.00416887 -0.156741 -0.396836 -0.125674 0.713782 0.34106
C3F-P 5.06356 5.06356 5.06356 5.06356 5.06356 5.06356 5.06356 5.06356 0.516424 -6.7117 5.06356 5.06356 5.06356 1.44098 -9.47884 2.30709 4.19041 -0.843354 -4.50042 -2.07848 -0.487722 0.8864 2.04012 0.392414 -1.67925 0.40769 -0.871432 -0.393816 -0.164506 -0.490058 0.655719 0.257321 0.335044 -0.646854 0.183029 -0.0116495 0.114547 -0.256926 -0.242523 0.0652126
C3X-C3X 5.06356 5.06356 5.06356 5.06356 5.06356 5.06356 5.06356 5.06356 5.06356 5.06356 5.06356 5.06356 5.0509 5.06356 3.03069 3.17882 1.36261 0.431767 0.374773 -0.24324 -0.0843022 0.0714756 -0.649938 -0.763656 -0.394664 -0.450218 -0.367458 -0.107494 -0.200511 -0.0457045 -0.201903 0.0494111 0.144809 0.0615429 0.0213898 -0.0662772 -0.283142 -0.0412839 -0.0603592 -0.206914
C3X-N21 5.06356 5.06356 5.06356 5.06356 5.06356 5.06356 5.06356 -0.597311 5.06356 5.06356 5.06356 -1.56196 -1.35615 3.22896 -0.982909 0.320041 0.155342 0.359768 0.0302076 -0.147676 0.029451 0.0328367 -0.0919313 0.132011 0.143191 -0.0825573 -0.0818497 0.0534562 0.0738 -0.281375 -0.159627 0.0217206 -0.0101715 -0.0327768 0.034884 -0.205808 -0.108633 -0.119389 -0.287231 0.0371656
C3X-N22 5.06356 5.06356 5.06356 5.06356 5.06356 5.06356 5.06356 -0.178827 5.06356 5.06356 5.06356 5.06356 4.47831 4.29028 0.712842 -0.0058689 -0.519271 0.455575 0.231548 0.288748 0.0975403 -0.177646 -0.242638 -0.337669 -0.127293 0.00653663 -0.286045 0.0611717 -0.00217385 0.052166 -0.0219754 -0.0505501 0.0746763 0.165497 -0.184716 -0.0971135 -0.12871 -0.179915 -0.175207 -0.194537
C3X-N2N 5.06356 5.06356 5.06356 5.06356 5.06356 5.06356 5.06356 -0.786227 5.06356 5.06356 5.06356 3.36764 2.65906 5.06356 1.86602 0.542301 -0.450802 -0.118349 -0.439485 -1.10668 -1.08002 -0.253369 -0.142534 -0.813472 -0.176432 -0.814935 -0.0600913 -0.213438 0.408312 0.230423 -0.31735 0.020307 0.51094 -0.0767371 -0.190484 -0.282587 0.0665199 -0.227861 -0.19028 0.0613225
C3X-N2X 5.06356 5.06356 5.06356 5.06356 5.06356 5.06356 5.06356 5.06356 5.06356 5.06356 5.06356 5.06356 5.06356 3.0837 5.06356 -1.09053 0.846998 0.174542 -0.557238 -0.998866 -1.06703 -1.23845 -1.15553 -0.621354 -0.628146 -0.185739 -0.184013 0.207283 -0.310366 -0.139845 0.160036 0.313149 0.0599409 0.272587 0.0441358 -0.289286 -0.0422965 0.217805 -0.139331 -0.241376
C3X-NC 5.06356 5.06356 5.06356 5.06356 5.06356 5.06356 5.06356 -1.71136 5.06356 5.06356 5.06356 5.06356 5.06356 -2.60149 2.84578 0.444488 0.851549 0.522526 0.973308 0.382275 0.381453 0.318296 0.267929 -0.381857 0.432055 -0.802771 -0.704883 0.0821155 -0.102977 0.0319371 -0.254341 0.03023 0.117112 0.49316 -0.354621 -0.33641 -0.108211 -0.0140633 -0.341577 -0.368429
C3X-O2 5.06356 5.06356 5.06356 5.06356 5.06356 5.06356 5.06356 5.06356 5.06356 5.06356 5.06356 5.06356 1.17444 3.03414 -1.20081 -1.0235 -0.856433 0.159308 -0.10888 -0.0962285 0.0380921 0.0111348 0.352164 -0.336545 -0.41291 -0.306205 -0.447918 0.0263027 0.0655172 0.445919 0.0272619 0.245483 0.128588 -0.00710226 -0.0514211 -0.0168662 -0.320313 -0.0819306 0.00251993 0.0093054
C3X-O31 5.06356 5.06356 5.06356 5.06356 5.06356 5.06356 5.06356 0.825938 5.06356 5.06356 5.06356 5.06356 2.98132 1.24291 -0.91995 -0.58364 -0.579281 0.0675416 0.295288 -0.398311 -0.22728 -0.0494283 -0.185683 0.101443 -0.0131625 -0.292817 -0.107414 -0.0665004 -0.0482192 0.253227 0.0707954 0.224149 0.0936005 0.0260872 -0.221348 0.0926338 -0.327695 -0.142738 -0.210758 -0.0527596
C3X-O32 5.06356 5.06356 5.06356 5.06356 5.06356 5.06356 5.06356 5.06356 5.06356 5.06356 5.06356 1.82777 4.32465 5.06356 1.23525 0.0212872 -0.390698 -0.032573 0.609376 0.0922672 0.605489 0.210989 -0.302887 -0.668629 0.131628 -0.154304 -0.0641941 -0.0120377 0.0538937 -0.101419 -0.228651 -0.0339393 0.126893 0.0467247 -0.0684532 -0.0536713 -0.243106 -0.188329 -0.19114 -0.418161
C3X-OC 5.06356 5.06356 5.06356 5.06356 5.06356 5.06356 5.06356 5.06356 5.06356 5.06356 5.06356 5.06356 5.06356 5.06356 1.05016 -1.63052 -0.259671 0.512934 -0.420762 -0.450286 0.585456 -0.283447 0.467028 0.117621 0.103748 -0.184831 -0.185768 0.0711591 0.0719868 -0.0954252 -0.0458323 0.314012 0.0536285 -0.307869 -0.280384 0.234447 -0.0410396 -0.210207 -0.339056 -0.1807
C3X-P 5.06356 5.06356 5.06356 5.06356 5.06356 5.06356 5.06356 5.06356 5.06356 5.06356 5.06356 5.06356 5.06356 -5.85897 5.06356 5.06356 3.52951 5.06356 -1.52562 -1.64829 -1.29829 -0.939921 -0.525085 -0.967302 0.0279626 0.389744 0.0194783 0.0449999 0.0416386 0.261298 0.164273 0.134467 -0.134659 -0.00375859 -0.388892 0.100655 -0.194798 -0.277718 0.043012 -0.328541
C3X-SX 5.06356 5.06356 5.06356 5.06356 5.06356 5.06356 5.06356 5.06356 5.06356 5.06356 5.06356 5.06356 5.06356 5.06356 5.06356 -0.172888 -0.925049 5.06356 1.36655 -0.960652 1.07603 -0.115046 0.188098 -0.123871 1.58757 0.866624 -0.858981 0.551029 0.223979 0.732868 0.361729 -0.0804353 -0.930293 0.0349519 0.134586 -0.649569 -0.015943 -1.11166 0.252691 -0.432481
N21-N21 5.06356 5.06356 5.06356 5.06356 5.06356 5.06356 5.06356 5.06356 5.06356 5.06356 5.06356 5.06356 5.06356 0.635758 2.01798 -2.48997 -0.539262 0.473191 -0.1574 -1.85281 -0.608245 0.445277 -0.30187 -0.982807 -0.249408 0.368527 -0.530523 0.309759 0.74916 -0.0815453 -1.42823 1.03874 -0.18184 0.42527 -0.727488 0.619944 -0.578593 0.255996 0.491865 0.326319
N21-N22 5.06356 5.06356 5.06356 5.06356 5.06356 5.06356 5.06356 5.06356 5.06356 5.06356 5.06356 3.76396 -1.15582 -0.119566 -0.573156 0.196439 -0.133026 -0.645935 -0.74401 0.00759137 -0.24818 -0.380154 -0.215374 -0.0997962 -0.254051 -0.6966 -0.243956 0.862129 -0.390414 -0.0884951 0.302415 0.4133 0.0543513 0.0512141 -0.283854 -0.0360975 0.153888 -0.183711 0.591925 0.050931
N21-N2N 5.06356 5.06356 5.06356 5.06356 5.06356 5.06356 5.06356 5.06356 5.06356 5.06356 5.06356 5.06356 1.83442 4.92292 -1.75542 0.908969 -0.292661 -0.143881 -0.713798 -0.794917 -1.40804 -0.194814 -0.701581 0.273723 -0.0051836 0.21479 -0.285744 0.808189 -0.226228 0.0149914 1.00056 0.862929 0.117141 0.150977 0.0151612 -0.433076 -1.16008 0.500009 0.465016 -0.178536
N21-N2X 5.06356 5.06356 5.06356 5.06356 5.06356 5.06356 5.06356 5.06356 5.06356 5.06356 5.06356 5.06356 -1.86107 5.06356 5.06356 5.06356 -0.276312 -0.660409 -1.24431 0.215197 1.29735 -0.344615 -0.0968297 -0.222342 0.141636 -0.372319 1.03299 -0.463679 -0.46489 0.365172 0.241558 0.169046 -0.0114689 -0.71464 0.0550594 -0.938818 0.418128 -0.175157 -0.127597 0.443929
N21-NC 5.06356 5.06356 5.06356 5.06356 5.06356 5.06356 5.06356 5.06356 5.06356 5.06356 5.06356 5.06356 5.06356 5.06356 -0.464002 -0.440794 4.30752 1.25494 -0.205674 -0.0324893 0.902695 -0.482465 0.442936 -0.0730736 -0.464481 0.714171 1.68279 0.0760732 -0.247103 0.672923 -1.04386 0.335711 -0.413321 -0.388794 0.281558 -0.62157 -0.219888 0.167585 -0.656534 -0.498275
N21-O2 5.06356 5.06356 5.06356 5.06356 5.06356 5.06356 5.06356 5.06356 5.06356 5.06356 5.06356 5.06356 -2.3214 -1.58494 -0.373635 -0.333881 -0.248545 -0.656651 -0.898981 0.285436 0.502509 0.0532566 0.626682 0.123311 0.0544903 0.407961 -0.363345 -0.117435 0.171409 -0.628277 -0.303404 -0.2135 0.0537702 0.464933 0.189587 -0.116956 0.314208 -0.684327 -0.179996 0.503951
N21-O31 5.06356 5.06356 5.06356 5.06356 5.06356 5.06356 5.06356 5.06356 5.06356 5.06356 3.4521 3.27827 3.66262 0.0824333 -0.301915 0.967581 -0.630024 -1.48199 0.256741 -0.594892 -0.487536 0.686147 -0.182202 -0.25899 -0.287608 -0.343257 -0.0686629 -0.0382818 -0.131743 0.199366 -0.0491254 -0.203861 0.186091 0.211889 -0.0585963 0.143862 -0.0465175 0.489201 -0.143109 -0.400733
N21-O32 5.06356 5.06356 5.06356 5.06356 5.06356 5.06356 5.06356 5.06356 5.06356 5.06356 5.06356 5.06356 5.06356 1.12723 0.384154 0.222314 -0.0890564 -0.869301 -0.262939 1.01638 -0.0653981 0.241998 -0.430597 0.355785 -0.0560895 0.263965 -0.0192218 -0.357923 0.0987863 0.155012 -0.293744 0.29468 -0.0941553 0.246401 0.146799 -0.446414 0.0345123 -0.402933 -0.13625 -0.0974329
N21-OC 5.06356 5.06356 5.06356 5.06356 5.06356 5.06356 5.06356 5.06356 5.06356 5.06356 5.06356 5.06356 -1.87897 -3.13143 -0.0648106 -0.119599 -0.150124 -0.732135 -0.393355 -1.70497 -0.529248 -0.0458214 0.571226 0.451132 -0.610063 0.194328 0.746318 1.93863 -0.0228565 1.05741 0.0641588 -0.760088 0.0623661 -0.16862 -0.328739 -0.443249 0.329148 0.198796 0.473028 -0.706346
N21-P 5.06356 5.06356 5.06356 5.06356 5.06356 5.06356 5.06356 5.06356 5.06356 5.06356 5.06356 5.06356 5.06356 5.06356 5.06356 -0.100418 -2.85456 0.935625 0.435928 -1.06498 -0.692751 0.289119 -0.417435 -0.324652 1.41671 0.769812 0.726843 0.0245339 -0.357384 -1.46562 -0.608798 1.80761 1.1599 0.0614524 0.262548 0.0507507 -0.162434 -0.344958 -0.178411 -0.643861
N22-N22 5.06356 5.06356 5.06356 5.06356 5.06356 5.06356 5.06356 5.06356 5.06356 5.06356 5.06356 5.06356 5.06356 1.87985 0.577081 0.8625 0.209911 -0.40016 -1.14648 -0.428927 0.285594 -0.0570051 0.0698703 -0.376027 -0.211222 -0.201852 0.31024 0.154515 0.143205 0.146441 0.716875 -0.0941852 0.227763 -0.207157 -0.178793 -0.294573 -0.237118 -0.120216 -0.125786 0.332104
N22-N2N 5.06356 5.06356 5.06356 5.06356 5.06356 5.06356 5.06356 5.06356 5.06356 5.06356 5.06356 5.06356 0.805647 0.0571385 -0.70007 1.60562 0.217983 -0.468994 -0.743992 -0.350311 -0.155018 -0.411632 0.343416 -0.359806 -0.565532 -0.117843 -0.169379 0.143441 -0.275995 -0.157185 0.52663 0.321429 -0.112432 0.136117 -0.0654895 -0.073456 -0.102783 -0.0788897 0.242521 0.204582
N22-N2X 5.06356 5.06356 5.06356 5.06356 5.06356 5.06356 5.06356 5.06356 5.06356 5.06356 5.06356 5.06356 5.06356 5.06356 3.25748 0.18539 -0.727338 -0.321377 0.320083 0.153386 -0.608406 -0.447587 -0.0767701 -0.131383 -0.172334 0.2941 0.188277 0.480204 -0.151844 -0.0474986 0.207864 -0.19598 0.162882 0.0239052 -0.414506 -0.0634624 -0.299035 -0.300035 0.102931 -0.0261675
N22-NC 5.06356 5.06356 5.06356 5.06356 5.06356 5.06356 5.06356 5.06356 5.06356 5.06356 5.06356 0.788042 -1.89566 -2.71934 -0.889801 1.5054 2.3108 -0.60596 -0.775614 -0.0175888 0.665701 0.193093 -0.212072 0.504868 0.686326 0.75883 -0.143687 0.247477 0.0781597 -0.325153 -0.13837 -0.00243531 0.244843 0.00677542 -0.0254431 -0.727965 -0.191089 -0.262663 -0.183448 0.0511966
N22-O2 5.06356 5.06356 5.06356 5.06356 5.06356 5.06356 5.06356 5.06356 5.06356 5.06356 5.06356 5.06356 1.44896 0.11887 -0.000132188 0.657019 -0.532475 -0.605775 -0.741457 0.117449 0.536543 -0.303724 0.000538136 -0.643291 -0.336135 -0.523532 0.177772 0.548556 0.598294 0.160168 0.0164176 0.093381 0.107509 -0.196427 -0.166395 -0.147399 -0.18789 -0.126724 0.0483249 0.342327
N22-O31 5.06356 5.06356 5.06356 5.06356 5.06356 5.06356 5.06356 5.06356 5.06356 5.06356 2.7064 2.1083 0.0773819 -1.51479 0.120128 2.0452 0.758547 -0.535944 0.426006 -0.0102322 0.261662 0.247632 -0.364226 0.161298 0.680119 -0.0266509 0.269519 -0.379347 0.356397 -0.200674 -0.317447 0.0121288 0.00170097 -0.189439 0.158654 0.0242568 0.0303241 -0.174998 -0.243424 -0.329908
N22-O32 5.06356 5.06356 5.06356 5.06356 5.06356 5.06356 5.06356 5.06356 5.06356 5.06356 5.06356 2.17335 3.39395 3.87182 0.0830861 -0.00279024 0.634957 -0.0251768 0.284175 0.0316921 -0.0631005 0.0680662 0.177003 -0.0856592 -0.237839 -0.263386 0.0269798 0.251748 -0.0586947 -0.213615 0.000657467 0.074168 -0.230518 0.310688 0.183707 -0.123602 -0.328347 -0.29743 -0.257498 -0.091637
N22-OC 5.06356 5.06356 5.06356 5.06356 5.06356 5.06356 5.06356 5.06356 5.06356 5.06356 5.06356 5.06356 5.06356 5.06356 3.51937 -1.34393 2.10831 1.33474 0.757298 0.898133 0.174473 0.646425 0.689968 0.583383 0.318997 -0.0894811 0.400118 0.735945 -0.10098 0.0660003 0.720725 0.165872 -0.388633 0.0785821 -0.240866 -0.18155 -0.283504 -0.626663 -0.846278 -0.239122
N22-P 5.06356 5.06356 5.06356 5.06356 5.06356 5.06356 5.06356 5.06356 5.06356 5.06356 5.06356 5.06356 5.06356 5.06356 5.06356 5.06356 2.30013 -0.0274844 2.29171 4.64353 2.49167 -0.159093 3.9829 -0.459461 1.16905 0.54184 0.63764 -1.77205 -0.112048 -0.335507 -0.595932 -0.749546 0.37998 0.00560866 -0.27427 0.231029 -0.373417 -0.207831 -0.355929 -0.463805
N22-SX 5.06356 5.06356 5.06356 5.06356 5.06356 5.06356 5.06356 5.06356 5.06356 5.06356 5.06356 5.06356 5.06356 -0.570416 5.06356 4.41877 1.05196 -1.81514 0.103897 0.102979 0.992151 -2.12259 -0.941731 0.341799 -0.708278 -1.42356 -0.37105 1.06487 -0.661608 -0.518398 0.304522 0.186866 0.271958 0.0949712 3.04248 -0.916893 0.546425 0.468528 0.346554 -0.68675
N2N-N2N 5.06356 5.06356 5.06356 5.06356 5.06356 5.06356 5.06356 5.06356 5.06356 5.06356 5.06356 5.06356 5.06356 2.00176 5.06356 5.06356 -0.205286 -2.1495 -0.850777 -0.376546 -1.05436 -0.136733 0.0969421 -0.396228 -1.13192 -0.35242 -0.0250355 0.469995 0.831769 0.0861836 -0.186775 -0.593523 1.71348 1.32871 0.0579106 -0.351731 -0.277793 -0.603877 -0.251415 0.604143
N2N-N2X 5.06356 5.06356 5.06356 5.06356 5.06356 5.06356 5.06356 5.06356 5.06356 5.06356 5.06356 5.06356 5.06356 5.06356 5.06356 4.9954 -0.807264 2.2724 -0.131119 -0.570506 1.76795 0.496965 -0.665007 -0.397814 -1.5368 -0.159107 -0.327632 0.258064 0.477309 0.898083 -0.182372 0.697771 0.194026 -0.371367 -0.549757 0.202717 -0.256221 -0.313385 -0.112574 -0.0228405
N2N-NC 5.06356 5.06356 5.06356 5.06356 5.06356 5.06356 5.06356 5.06356 5.06356 5.06356 5.06356 5.06356 5.06356 0.378629 2.05348 -0.0256987 -3.03586 -0.716268 -2.6081 2.13855 -2.38888 -0.591737 -0.355583 -0.311386 -0.0677059 0.193534 -0.0402592 -0.0908956 -0.217114 -0.133178 0.0480154 0.259843 0.785637 0.175819 -0.573904 0.129164 0.113915 -0.674036 0.117598 -0.517906
N2N-O2 5.06356 5.06356 5.06356 5.06356 5.06356 5.06356 5.06356 5.06356 5.06356 5.06356 5.06356 5.06356 1.5375 -2.34045 -0.950656 -0.25484 0.958958 -0.998582 -0.375424 0.97804 -1.21703 -0.741859 -0.818265 0.597037 0.36254 0.0129801 0.365865 0.262904 -0.53994 0.13046 0.156317 -0.144318 0.147469 0.0720884 -0.176545 -0.524234 -0.135226 0.112968 0.366665 0.136849
N2N-O31 5.06356 5.06356 5.06356 5.06356 5.06356 5.06356 5.06356 5.06356 5.06356 5.06356 5.06356 -1.0063 1.2868 -1.27332 -0.701709 -0.663821 0.104903 -0.00913902 1.27229 0.171147 -0.949175 2.05557 1.01113 -0.0835831 -0.0670936 0.329048 0.232519 0.0623782 -0.154529 0.135322 -0.348151 0.182432 -0.307953 0.274521 -0.153335 -0.380301 -0.119704 -0.0169833 -0.289051 -0.437426
N2N-O32 5.06356 5.06356 5.06356 5.06356 5.06356 5.06356 5.06356 5.06356 5.06356 5.06356 5.06356 5.06356 2.64125 2.305 -0.451307 1.45015 -1.55517 -1.02397 -1.33328 -1.40474 -0.301275 -0.524066 -0.387272 -0.242751 -0.375704 0.4677 -0.260504 -0.0268339 0.187944 -0.188554 -0.412027 -0.232358 0.0184225 0.0379752 0.303447 0.138899 -0.221634 -0.208018 0.235503 -0.144977
N2N-OC 5.06356 5.06356 5.06356 5.06356 5.06356 5.06356 5.06356 5.06356 5.06356 5.06356 5.06356 0.83924 -1.20651 -2.70571 -0.662526 0.385788 0.385002 -2.44901 0.0668093 -0.0625222 -0.118776 -0.343588 0.0401601 -0.253648 0.2751 -0.77892 0.284439 0.107738 0.905746 -0.0418039 0.261805 -0.577285 -0.103991 0.617982 0.0439021 -0.274605 -0.393062 0.196568 -0.450943 0.303006
N2N-P 5.06356 5.06356 5.06356 5.06356 5.06356 5.06356 5.06356 5.06356 5.06356 5.06356 5.06356 5.06356 5.06356 5.06356 5.06356 5.06356 2.30013 -2.52369 -0.434814 -0.316519 -2.37033 3.84494 4.32637 5.06356 1.83912 2.72632 -1.1207 1.89079 -0.714134 0.215635 -1.01071 -1.14533 0.877959 0.784631 -0.210019 0.966317 -0.577466 -0.720651 -0.158113 -0.079192
N2X-N2X 5.06356 5.06356 5.06356 5.06356 5.06356 5.06356 5.06356 5.06356 5.06356 5.06356 5.06356 5.06356 5.06356 5.06356 5.06356 -1.44675 -3.31625 1.07468 1.25899 -1.47058 2.06987 -0.227519 -0.495475 -1.50698 -0.487293 0.269777 0.236588 1.89494 -0.333662 -0.299217 -0.210067 0.834256 -0.494447 1.13973 -0.695937 -0.68332 0.715588 0.433704 -0.0375459 -0.36542
N2X-NC 5.06356 5.06356 5.06356 5.06356 5.06356 5.06356 5.06356 5.06356 5.06356 5.06356 5.06356 5.06356 -1.10195 5.06356 -1.58769 2.66965 -2.1959 0.326641 -1.09064 2.38728 2.09747 2.27867 -1.92442 -0.447571 -1.09718 -0.845377 0.641265 -0.465963 0.0880268 0.449059 1.74212 1.19061 1.85498 0.7453 0.79121 -0.140545 -1.17052 -1.47861 0.500229 -1.26296
N2X-O2 5.06356 5.06356 5.06356 5.06356 5.06356 5.06356 5.06356 5.06356 5.06356 5.06356 5.06356 5.06356 5.06356 5.06356 0.0718982 5.06356 -0.708438 0.540393 0.0905597 -0.320864 -0.740533 0.410871 -0.251715 -0.29009 0.0936036 -0.198123 -0.194362 -0.107621 0.237577 0.275038 -0.230963 0.865129 -0.0221839 -0.23393 0.0073064 0.0327492 -0.661746 0.441004 -0.00942027 -0.548176
N2X-O31 5.06356 5.06356 5.06356 5.06356 5.06356 5.06356 5.06356 5.06356 5.06356 5.06356 5.06356 5.06356 0.985205 1.91777 5.06356 1.80011 -0.98977 -0.56621 -0.0505656 -1.16127 0.936317 -0.421882 0.769169 -0.565256 -1.1008 0.00885003 0.220874 0.551148 0.362489 -0.630046 -0.439654 0.146549 -0.302127 0.100079 -0.193337 0.233464 0.289918 0.0346698 -0.0815156 -0.178012
N2X-O32 5.06356 5.06356 5.06356 5.06356 5.06356 5.06356 5.06356 5.06356 5.06356 5.06356 5.06356 5.06356 2.29033 5.06356 2.60136 -1.24995 -2.84474 -2.2487 -0.676275 0.788446 -0.76004 -0.867206 0.101977 0.102357 -0.614519 0.260064 -0.420322 0.801747 -0.276745 -0.294987 0.186001 -0.474019 -0.0297594 -0.43582 -0.314211 -0.0654883 0.253794 0.322707 0.215768 -0.18268
N2X-OC 5.06356 5.06356 5.06356 5.06356 5.06356 5.06356 5.06356 5.06356 5.06356 5.06356 5.06356 5.06356 5.06356 5.06356 3.0775 1.44314 -0.198864 1.32224 3.5401 0.890285 0.618804 -0.361359 -0.180847 2.04133 -0.26308 0.650608 0.676566 -0.299091 0.795169 -0.21565 -0.809276 -0.620054 -0.0234078 -0.568188 -0.49678 -0.591413 -0.244018 -0.0741369 0.374724 -0.0777404
N2X-P 5.06356 5.06356 5.06356 5.06356 5.06356 5.06356 5.06356 5.06356 5.06356 5.06356 5.06356 5.06356 5.06356 5.06356 5.06356 5.06356 2.30013 -0.0274844 -0.808201 -0.982805 -0.931466 -0.808517 -1.01455 -0.41195 -0.921511 -0.713988 -1.6687 -1.02779 1.50142 -1.56384 -0.409849 0.0618701 0.0127635 -1.10044 1.08863 -0.77308 -0.777321 -0.397199 0.28982 0.448196
NC-O2 5.06356 5.06356 5.06356 5.06356 5.06356 5.06356 5.06356 5.06356 5.06356 5.06356 5.06356 1.82149 -2.93444 -4.41634 -0.376033 1.02216 -0.551134 -1.16677 -0.760755 -1.85871 1.14069 -0.464426 -1.24165 -0.975693 -0.667823 1.20635 0.260964 -0.0396987 -0.224937 0.880736 0.38617 0.650058 0.097745 -0.576537 -0.0940125 0.518225 0.0812265 0.203189 0.825464 0.229467
NC-O31 5.06356 5.06356 5.06356 5.06356 5.06356 5.06356 5.06356 5.06356 5.06356 5.06356 5.06356 -5.04379 -2.64114 -4.07212 0.0588088 4.30978 1.7588 -2.56292 -0.762222 -2.4909 2.33618 0.606677 -0.902373 0.121218 -0.603137 0.379183 0.171696 -1.43009 -0.0315047 1.30561 1.07477 0.927839 -0.667017 0.94611 0.482083 0.327462 -0.41204 -0.105265 -0.361509 -0.946113
NC-O32 5.06356 5.06356 5.06356 5.06356 5.06356 5.06356 5.06356 5.06356 5.06356 5.06356 5.06356 5.06356 5.06356 -1.74646 0.220471 2.81866 1.23556 -1.91872 1.62226 0.500565 1.20749 -0.116165 0.923058 -0.663077 -0.670814 0.0543145 0.321234 -0.299749 -0.637445 -0.518413 -0.360344 -0.212566 -0.170998 0.142775 0.281019 -0.498857 0.131433 0.157928 -0.0332736 -0.248248
NC-OC 5.06356 5.06356 5.06356 5.06356 5.06356 5.06356 5.06356 5.06356 5.06356 5.06356 5.06356 5.06356 -1.66515 -2.60253 -0.719725 2.17868 0.453217 -2.86487 -2.22165 0.0688562 -0.83425 -0.83738 -0.196655 -0.204112 0.267938 0.389261 -0.123486 0.851858 0.0557859 -0.2521 1.1991 -0.0449928 -0.307009 0.463595 -0.206282 -0.336182 0.506176 -0.349774 0.0743238 -0.205649
NC-P 5.06356 5.06356 5.06356 5.06356 5.06356 5.06356 5.06356 5.06356 5.06356 5.06356 5.06356 5.06356 5.06356 5.06356 5.06356 -1.80403 2.19629 -2.17875 -3.00033 0.133991 -0.336724 0.38466 2.11976 -0.329932 -0.547167 -0.796779 0.599131 -0.764267 -0.854258 0.665767 -0.343207 -1.07878 0.411397 2.05626 -0.0995795 -0.646227 -0.946524 0.500421 0.2387 0.211148
O2-O2 5.06356 5.06356 5.06356 5.06356 5.06356 5.06356 5.06356 5.06356 5.06356 5.06356 5.06356 3.72077 2.06818 0.0394676 -1.42606 2.40746 0.706392 0.324772 -0.58001 -0.232606 -0.382304 -1.15326 0.46969 -0.105041 -0.580706 0.0417517 -0.648646 0.719841 -0.407526 0.48968 0.333511 -0.447882 -0.362402 0.0938621 0.346295 -0.0351965 -0.285673 -0.420133 0.2688 0.283328
O2-O31 5.06356 5.06356 5.06356 5.06356 5.06356 5.06356 5.06356 5.06356 5.06356 5.06356 2.62832 4.81746 1.69131 0.944328 1.80645 3.5796 0.220816 -0.0806251 -0.70399 -1.00545 0.942864 -0.981419 -0.370107 0.0137877 -0.0591415 -0.312025 -0.188205 -0.333751 0.141628 -0.726659 0.517617 0.0591452 0.455398 -0.15463 0.218281 -0.40205 -0.0845016 0.138901 0.0738475 -0.411602
O2-O32 5.06356 5.06356 5.06356 5.06356 5.06356 5.06356 5.06356 5.06356 5.06356 5.06356 5.06356 5.06356 -1.25052 1.46972 1.49695 0.577244 1.90416 0.545498 -0.271107 1.01664 -0.357899 -0.926445 -0.28425 -0.417525 -0.158714 -0.168286 -0.0351919 -0.115071 0.460107 0.519475 0.398692 -0.0586415 -0.0358039 -0.235783 0.164178 0.0127083 -0.188394 -0.308506 -0.153179 -0.231975
O2-OC 5.06356 5.06356 5.06356 5.06356 5.06356 5.06356 5.06356 5.06356 5.06356 5.06356 5.06356 5.06356 -0.877923 -2.6507 -2.40399 -1.5046 2.41987 0.326344 1.6069 -0.200157 0.144174 0.652338 0.117047 -0.811476 0.344532 -0.150884 -0.990802 0.059318 -0.575611 -0.216605 0.367288 -0.0924326 0.366835 -0.395948 0.313968 -0.241349 -0.0183356 -0.875922 0.401004 0.739508
O2-P 5.06356 5.06356 5.06356 5.06356 5.06356 5.06356 5.06356 5.06356 5.06356 5.06356 5.06356 5.06356 5.06356 5.06356 4.5434 -5.19495 -0.521695 -3.55823 2.74552 0.576707 0.897572 0.385034 -1.51605 -0.00529242 1.81776 -0.0763197 -0.267772 -0.686998 -1.01127 -0.255631 -0.402622 -0.298603 -0.072481 0.0721289 -0.30184 -0.196485 0.290764 -0.199762 0.563982 0.0712778
O31-O31 5.06356 5.06356 5.06356 5.06356 5.06356 5.06356 5.06356 5.06356 5.06356 5.06356 5.06356 1.5163 -5.85844 -0.662253 -0.419393 0.00279524 -1.20627 0.143996 0.0367555 2.65078 -0.833463 -0.217083 -1.45758 -0.97951 0.151326 0.774165 -0.565852 0.834555 -1.01979 0.361814 1.07855 -0.22882 1.10779 -0.410236 -0.029952 -0.652786 0.711454 -0.0143884 -0.0488584 0.440262
O31-O32 5.06356 5.06356 5.06356 5.06356 5.06356 5.06356 5.06356 5.06356 5.06356 5.06356 5.06356 -2.62035 -2.92416 1.20986 2.65988 1.36402 1.5704 -0.406742 -0.3422 -0.411405 0.395345 0.66338 0.0448335 -0.941564 0.446636 0.188336 0.759784 -0.42807 -0.206796 -0.320078 -0.588852 0.0488173 0.280886 -0.112088 -0.0145748 -0.255645 -0.42258 -0.164803 0.309785 -0.325469
O31-OC 5.06356 5.06356 5.06356 5.06356 5.06356 5.06356 5.06356 5.06356 5.06356 5.06356 5.06356 0.58527 -1.80397 0.0196611 2.5967 1.83077 -0.21767 -0.950448 1.00226 -0.188881 0.169639 -0.557995 -1.10212 -0.353271 -0.746319 -0.0470528 0.643628 -0.565299 0.404011 -0.0613454 -0.393673 0.0560152 -0.0269857 0.294677 0.43609 -0.121188 -0.269335 0.0256207 -0.218954 0.0693569
O31-P 5.06356 5.06356 5.06356 5.06356 5.06356 5.06356 5.06356 -3.14986 -7.96995 5.06356 5.06356 5.06356 5.06356 5.06356 3.64862 1.90644 -0.172697 -0.549834 -0.921217 0.765816 0.986742 0.514779 -0.0134853 -1.17528 -0.573832 -0.188517 -0.72157 -0.182307 0.332484 -0.215434 -0.301068 -0.152778 0.126565 1.65139 0.238584 -0.194457 -0.0851136 -0.548544 -0.274383 -0.061316
O32-O32 5.06356 5.06356 5.06356 5.06356 5.06356 5.06356 5.06356 5.06356 5.06356 5.06356 5.06356 5.06356 1.20511 5.06356 1.72977 -0.357025 -1.46319 2.48563 0.122342 -0.0026255 0.778761 2.0782 0.589863 -0.405506 0.176672 0.0227965 0.0055334 -0.137652 -0.277387 -0.410191 0.346897 -0.282142 0.362825 0.184765 -0.212357 0.215429 -0.100976 -0.652351 -0.747121 -0.146285
O32-OC 5.06356 5.06356 5.06356 5.06356 5.06356 5.06356 5.06356 5.06356 5.06356 5.06356 5.06356 5.06356 1.66898 -3.01771 -1.16363 1.23995 1.28991 0.507941 0.368427 0.509028 0.725454 0.0908928 0.337694 -0.292776 -0.676053 0.596608 -0.574754 -0.128576 0.118176 0.209033 0.0962341 0.0686014 -0.112538 -0.185868 -0.105732 -0.401253 -0.110103 -0.7065 0.00808564 0.101369
O32-P 5.06356 5.06356 5.06356 5.06356 5.06356 5.06356 5.06356 0.847042 1.27228 5.06356 5.06356 5.06356 5.06356 5.06356 5.06356 -1.43354 5.06356 -0.911001 0.715386 -0.71662 3.45435 1.66334 -0.121498 -1.71154 -0.125162 -0.651788 -1.05555 -0.0681082 -0.693505 0.511821 0.61666 0.410357 0.0191261 0.2836 -0.398106 -1.1286 0.0298953 -0.297528 -0.315991 0.000786882
O32-SX 5.06356 5.06356 5.06356 5.06356 5.06356 5.06356 5.06356 5.06356 5.06356 5.06356 5.06356 5.06356 5.06356 5.06356 3.20866 1.69938 0.309406 0.175625 -0.371248 1.00441 1.63734 1.24764 0.398951 -0.870335 -0.453321 1.01933 1.51755 0.721794 -0.0315571 -0.406385 -1.09232 0.914239 -0.0496477 -1.11724 -0.312676 0.0183614 -0.163331 -0.637815 -0.425796 0.0503029
OC-OC 5.06356 5.06356 5.06356 5.06356 5.06356 5.06356 5.06356 5.06356 5.06356 5.06356 5.06356 5.06356 5.06356 1.81082 0.209277 -0.672608 2.67655 2.42618 0.715968 -0.0574071 0.196529 0.687693 -1.43018 0.532176 0.380832 0.662453 -0.0348433 0.42882 -0.281307 0.662065 0.196567 -0.189146 0.637953 0.234844 0.094486 -0.610601 -0.544077 -0.920572 -0.450254 -0.150643
OC-P 5.06356 5.06356 5.06356 5.06356 5.06356 5.06356 5.06356 5.06356 5.06356 5.06356 5.06356 5.06356 5.06356 5.06356 4.5434 1.31309 0.145724 -0.245004 -0.342209 -0.332701 2.24781 -1.5795 -0.298407 1.08288 0.0513528 2.90312 1.01547 0.3296 0.167923 0.34806 -0.0814945 0.805069 -0.763544 -0.267157 0.00349003 0.263022 -0.53366 -1.16642 -0.769535 -0.366014