# radius 6 A, dr 0.2 A, 127 contact types
C2M-C2N 5.06356 5.06356 5.06356 5.06356 5.06356 5.06356 5.06356 5.06356 5.06356 5.06356 5.06356 5.06356 5.06356 -1.78905 5.06356 -0.843403 -0.861677 -0.539155 -0.101676 -0.901705 -0.321653 -0.468401 -0.740835 -0.327874 -0.27617 -0.490316 -0.746207 0.094003 0.219399 0.692895
C2M-C2P 5.06356 5.06356 5.06356 5.06356 5.06356 5.06356 5.06356 5.06356 5.06356 5.06356 5.06356 5.06356 -3.3642 5.06356 -1.76473 -0.128607 -0.540251 -0.918034 -1.59491 -0.702754 -0.305426 0.691289 -0.199199 -0.776879 0.60187 0.299579 0.708631 0.366996 -0.254261 -0.887772
C2M-C2X 5.06356 5.06356 5.06356 5.06356 5.06356 5.06356 5.06356 5.06356 5.06356 5.06356 5.06356 5.06356 5.06356 5.06356 1.16496 1.49811 -1.65015 -1.016 -1.01576 -0.636139 -1.08124 0.657395 -1.11983 -0.223138 -0.724119 -0.0663454 0.115817 0.48063 0.975998 0.0179092
C2M-C3X 5.06356 5.06356 5.06356 5.06356 5.06356 5.06356 5.06356 -1.45953 5.06356 5.06356 5.06356 5.06356 -4.0487 5.06356 5.06356 5.06356 0.770735 1.29516 -0.497296 -0.968421 -0.168315 -1.61017 0.0635717 0.17799 -0.0987384 0.105491 -0.739475 0.0284909 0.0314991 -0.242127
C2M-N21 5.06356 5.06356 5.06356 5.06356 5.06356 5.06356 5.06356 5.06356 5.06356 5.06356 5.06356 5.06356 5.06356 5.06356 0.662387 0.195717 0.447321 0.457678 -0.638808 -0.265429 -1.97002 0.946142 -0.135652 0.855561 -0.786831 -0.816762 -0.641202 2.11036 -0.350424 -0.521745
C2M-N22 5.06356 5.06356 5.06356 5.06356 5.06356 5.06356 5.06356 5.06356 5.06356 5.06356 5.06356 5.06356 5.06356 0.311576 5.06356 -1.22035 -0.551453 -0.815495 -0.355324 -0.307947 -0.371334 0.234501 0.413279 0.326953 -0.364782 -1.03464 -0.766646 0.0343358 0.513068 -0.682255
C2M-N2N 5.06356 5.06356 5.06356 5.06356 5.06356 5.06356 5.06356 5.06356 5.06356 5.06356 5.06356 5.06356 5.06356 -5.14579 5.06356 -1.03037 -0.693041 -2.46023 -0.491998 -2.17124 -1.17694 -1.23296 -0.39964 1.74141 0.196182 -0.0765544 -0.0652615 0.853927 -0.149664 0.62435
C2M-N2X 5.06356 5.06356 5.06356 5.06356 5.06356 5.06356 5.06356 5.06356 5.06356 5.06356 5.06356 5.06356 5.06356 5.06356 -3.36726 5.06356 -2.86352 -1.18614 0.859347 0.526347 2.68927 -1.09587 -0.38068 0.0750096 0.95381 -1.75614 0.818839 -0.661127 -1.16897 0.0488286
C2M-O2 5.06356 5.06356 5.06356 5.06356 5.06356 5.06356 5.06356 5.06356 5.06356 5.06356 5.06356 5.06356 5.06356 4.0384 1.16338 -0.664788 -1.21316 0.486978 -0.549916 -0.545562 -0.032211 0.120887 0.324437 -0.379505 -0.741986 -0.248851 -0.415586 -0.525769 -0.192519 1.25852
C2M-O31 5.06356 5.06356 5.06356 5.06356 5.06356 5.06356 5.06356 5.06356 5.06356 5.06356 5.06356 5.06356 5.06356 4.0384 0.592477 0.375565 -2.09992 0.00916484 -0.29088 -0.384105 -0.392911 0.952288 1.13685 -1.40541 -0.972936 0.246126 0.948741 0.910716 -0.143573 -0.507592
C2M-O32 5.06356 5.06356 5.06356 5.06356 5.06356 5.06356 5.06356 5.06356 5.06356 5.06356 5.06356 5.06356 1.58494 5.06356 5.06356 -0.0759284 0.247764 0.830318 -0.307505 -0.351764 -0.203325 0.63435 -0.00370213 0.11194 -0.849063 0.542363 0.454624 -0.368308 -0.544277 -0.575282
C2M-OC 5.06356 5.06356 5.06356 5.06356 5.06356 5.06356 5.06356 5.06356 5.06356 5.06356 5.06356 5.06356 5.06356 4.0384 1.16338 -5.96713 -2.74831 -2.30861 0.310683 -1.64599 0.613179 0.312315 -0.00969507 -0.136084 -0.347892 -0.386793 0.116877 1.14922 0.200764 0.208522
C2N-C2N 5.06356 5.06356 5.06356 5.06356 5.06356 5.06356 5.06356 5.06356 5.06356 5.06356 5.06356 5.06356 5.06356 5.06356 -0.596919 1.94977 -2.03525 -0.580139 -0.571823 -0.889343 -2.85695 -0.946629 -0.39609 0.620518 -0.128196 0.870435 0.25133 1.22337 0.524759 -0.20854
C2N-C2P 5.06356 5.06356 5.06356 5.06356 5.06356 5.06356 5.06356 5.06356 5.06356 5.06356 5.06356 5.06356 5.06356 5.06356 -1.1976 -0.201272 0.111371 -1.37679 -0.838763 0.163514 -0.165905 -0.400412 0.0333983 -0.506525 -0.80586 0.57488 0.157069 -0.241509 -0.115698 0.0683293
C2N-C2X 5.06356 5.06356 5.06356 5.06356 5.06356 5.06356 5.06356 5.06356 5.06356 5.06356 5.06356 4.17388 5.06356 0.528457 2.95549 0.705705 -1.36564 -0.741845 0.0216416 -0.337464 -0.197956 -0.132592 -0.128386 -0.46527 -0.112706 0.255918 -0.0354096 -0.00296126 -0.116451 -0.234391
C2N-C3F 5.06356 5.06356 5.06356 5.06356 5.06356 5.06356 5.06356 0.260159 5.06356 5.06356 -1.9202 -0.580728 -2.74387 2.30961 2.97178 2.47786 -0.418137 0.00316634 0.222205 -0.0289648 -0.194545 -0.467513 -0.689254 -0.201439 -0.471162 0.0436452 0.0881292 0.233803 -0.206093 0.0426614
C2N-C3X 5.06356 5.06356 5.06356 5.06356 5.06356 5.06356 5.06356 0.761234 5.06356 5.06356 5.06356 5.06356 0.513254 2.7527 2.1728 0.213288 -0.463651 -0.283838 0.0407819 -0.809651 0.132569 -0.305461 0.0360748 -0.30946 -0.0675353 -0.390922 -0.0145475 -0.0268003 -0.221758 -0.299653
C2N-N21 5.06356 5.06356 5.06356 5.06356 5.06356 5.06356 5.06356 5.06356 5.06356 5.06356 5.06356 5.06356 3.20476 2.70213 2.93588 -0.436218 -0.153505 -0.216465 -0.797942 -0.0376318 -0.471449 -0.684772 -0.373488 -0.298014 -0.564689 0.266271 0.0633068 0.553343 0.276649 -0.0568419
C2N-N22 5.06356 5.06356 5.06356 5.06356 5.06356 5.06356 5.06356 5.06356 5.06356 5.06356 5.06356 5.06356 5.06356 -0.781747 3.91099 1.33243 -0.393057 -0.210711 -0.570953 -0.679543 -1.32334 -0.255351 0.118173 -0.304503 0.297987 -0.3805 0.334707 -0.12809 0.367898 -0.0923871
C2N-N2N 5.06356 5.06356 5.06356 5.06356 5.06356 5.06356 5.06356 5.06356 5.06356 5.06356 5.06356 5.06356 5.06356 5.06356 5.06356 3.31523 0.349239 0.0924869 -1.96059 -0.230937 -0.502103 0.391665 -0.775473 -0.118573 0.991194 -0.278949 0.606237 -0.170902 -0.311173 -0.106238
C2N-N2X 5.06356 5.06356 5.06356 5.06356 5.06356 5.06356 5.06356 5.06356 5.06356 5.06356 5.06356 5.06356 5.06356 5.06356 5.06356 -0.481099 0.204095 -0.499394 0.139049 0.533058 -0.65512 0.415634 0.236981 -1.1781 -0.105578 1.33058 -0.980947 -1.74616 -0.205403 0.30971
C2N-NC 5.06356 5.06356 5.06356 5.06356 5.06356 5.06356 5.06356 5.06356 5.06356 5.06356 5.06356 5.06356 5.06356 -0.829299 0.211393 5.06356 -1.49095 -2.42178 -0.483504 -0.680457 -1.8637 -1.45637 0.167576 0.61253 -0.702475 0.229701 0.0960287 0.199643 1.00693 -0.138406
C2N-O2 5.06356 5.06356 5.06356 5.06356 5.06356 5.06356 5.06356 5.06356 5.06356 5.06356 5.06356 5.06356 5.06356 1.17095 2.42787 -0.474801 -0.0219882 -0.338795 -1.15556 -0.0194666 -0.401967 0.378027 -0.0990517 0.328152 -0.214434 -0.469765 0.00764512 0.143231 -0.312591 0.183502
C2N-O31 5.06356 5.06356 5.06356 5.06356 5.06356 5.06356 5.06356 5.06356 5.06356 5.06356 5.06356 5.06356 1.48969 5.06356 -0.953074 -0.380398 1.74662 0.468033 -0.451639 -0.440505 -0.214516 0.191738 -0.0928813 0.00869531 -0.174395 -0.93151 -0.616447 -0.0309292 -0.0634554 0.483951
C2N-O32 5.06356 5.06356 5.06356 5.06356 5.06356 5.06356 5.06356 5.06356 5.06356 5.06356 5.06356 5.06356 3.24859 -0.54931 0.347014 0.252366 -0.540975 0.292649 -0.567501 0.0221362 0.321055 0.154048 -0.442332 0.220248 -0.370783 -0.279492 -0.624811 -0.478128 0.0784304 0.228234
C2N-OC 5.06356 5.06356 5.06356 5.06356 5.06356 5.06356 5.06356 5.06356 5.06356 5.06356 5.06356 5.06356 5.06356 4.0384 1.16338 -0.77569 -2.01409 0.300391 -0.659896 -0.410344 0.619264 0.220727 0.256636 -0.158113 0.260919 -0.181491 -0.410754 -0.197112 -0.388918 -0.0591291
C2P-C2X 5.06356 5.06356 5.06356 5.06356 5.06356 5.06356 0.0169607 5.06356 5.06356 5.06356 5.06356 1.44778 3.97237 3.75012 2.02834 1.63971 -0.645455 -1.11011 -0.537815 -0.692128 0.0588345 -0.428608 -0.282178 0.136112 -0.241552 0.134479 -0.169764 0.0208186 0.337485 -0.11591
C2P-C3F 5.06356 5.06356 5.06356 5.06356 5.06356 5.06356 5.06356 5.06356 5.06356 5.06356 5.06356 0.00617871 -0.948289 -0.038071 0.739608 0.921404 2.9196 -0.521661 -0.262606 0.172381 -0.630598 -1.07564 -1.05999 -0.695829 0.0539496 -0.181761 -0.532295 0.480787 0.251242 0.780286
C2P-C3X 5.06356 5.06356 5.06356 5.06356 5.06356 5.06356 5.06356 5.06356 5.06356 5.06356 5.06356 5.06356 -4.9464 5.06356 5.06356 5.06356 1.26601 0.0700938 -0.328897 0.284686 -0.558746 -1.03899 -0.510968 -0.506103 -0.532034 -0.216998 -0.224991 0.134275 -0.0861147 -0.0752407
C2P-N21 5.06356 5.06356 5.06356 5.06356 5.06356 5.06356 5.06356 -0.56407 5.06356 5.06356 5.06356 5.06356 5.06356 2.07948 2.04444 -0.491796 -0.986871 0.0187451 -0.144583 -0.830958 -0.589 -0.555761 0.413036 0.145961 -0.0588593 -0.123564 -0.491155 0.346338 -0.266462 0.283303
C2P-N22 5.06356 5.06356 5.06356 5.06356 5.06356 5.06356 -0.428124 5.06356 5.06356 5.06356 5.06356 5.06356 3.07964 -1.3568 -2.58454 -2.06232 -1.68459 -1.54113 -0.338389 -0.62142 0.404196 -0.48412 -0.0999162 -0.202369 -0.293157 -0.590476 0.424437 0.187299 0.554124 0.501887
C2P-N2N 5.06356 5.06356 5.06356 5.06356 5.06356 5.06356 5.06356 5.06356 5.06356 5.06356 5.06356 5.06356 5.06356 5.06356 -2.33579 2.63483 -2.02527 0.208655 -1.49644 -0.545927 0.0278752 1.01775 0.632704 -0.696616 -0.544149 0.322034 -0.459089 -0.257208 0.23112 -0.459857
C2P-N2X 5.06356 5.06356 5.06356 5.06356 5.06356 5.06356 5.06356 5.06356 5.06356 5.06356 5.06356 5.06356 5.06356 5.06356 5.06356 1.15382 3.30252 0.520016 -1.13965 -1.28003 0.129728 -1.01354 0.608752 -0.214203 -0.395526 -0.293197 0.451911 -0.60961 0.0821317 0.2306
C2P-NC 5.06356 5.06356 5.06356 5.06356 5.06356 5.06356 5.06356 -1.32301 5.06356 5.06356 5.06356 5.06356 5.06356 5.06356 2.58051 1.97794 0.571189 -0.627605 0.981487 0.211809 -0.236974 -0.618143 0.65763 0.001851 -1.21153 -0.906992 -0.357397 0.40435 -0.175735 0.479259
C2P-O2 5.06356 5.06356 5.06356 5.06356 5.06356 5.06356 5.06356 5.06356 5.06356 5.06356 5.06356 5.06356 -4.13465 5.06356 1.11121 -1.0684 -1.79509 -0.0635054 -1.03082 -1.05922 -0.732177 -0.68355 -0.333693 0.126578 0.323149 0.379827 0.630296 -0.0947418 0.314541 0.104053
C2P-O31 5.06356 5.06356 5.06356 5.06356 5.06356 5.06356 5.06356 5.06356 5.06356 5.06356 5.06356 5.06356 3.33597 5.06356 0.810705 1.35749 0.362493 0.309157 -0.281073 -0.392327 0.330077 0.154676 -0.0460348 0.323041 -0.659438 -0.312785 -1.15467 0.277543 0.304901 -0.326353
C2P-OC 5.06356 5.06356 5.06356 5.06356 5.06356 5.06356 5.06356 5.06356 5.06356 5.06356 5.06356 5.06356 5.06356 4.0384 0.109818 -4.17701 0.747684 0.175148 0.931386 3.41059 1.01801 0.586184 -2.05952 1.83202 -0.687899 -0.388406 -1.47186 0.669744 -1.12016 -0.328161
C2X-C2X -5.1925 5.06356 5.06356 5.06356 5.06356 5.06356 0.344839 5.06356 5.06356 5.06356 3.39678 2.86682 0.835249 5.06356 -0.765386 0.52058 -0.734999 -0.977753 -0.1841 -0.360662 -0.621507 -0.152045 -0.385392 0.0551117 -0.11867 0.236805 0.379429 0.144323 -0.260909 -0.146504
C2X-C3F 5.06356 5.06356 5.06356 5.06356 5.06356 5.06356 5.06356 -0.550739 5.06356 5.06356 4.10386 2.76419 3.07435 5.06356 0.947501 1.77579 0.527338 -0.209824 0.290909 0.505373 0.513231 -0.206397 -0.257329 -0.393706 -0.611638 -0.492383 -0.110563 -0.27889 -0.116163 -0.235906
C2X-C3X 5.06356 5.06356 5.06356 5.06356 5.06356 5.06356 5.06356 5.06356 5.06356 5.06356 2.32397 5.06356 2.28627 2.14966 5.06356 3.23549 0.937938 0.696969 -0.162145 0.171823 -0.334642 -0.125507 -0.333325 -0.655463 -0.226741 -0.27094 -0.251616 -0.108135 -0.149497 -0.198178
C2X-Ha 5.06356 5.06356 5.06356 5.06356 5.06356 5.06356 5.06356 5.06356 5.06356 5.06356 5.06356 5.06356 5.06356 5.06356 5.06356 2.05962 -2.05533 -1.39757 1.73544 -0.391422 -1.12431 -2.56017 0.668735 0.425793 2.10768 1.7891 -0.657867 -1.42281 -0.598601 1.93449
C2X-N21 5.06356 5.06356 5.06356 5.06356 5.06356 5.06356 5.06356 0.736483 5.06356 5.06356 2.65569 -1.66871 3.01506 2.5239 -0.390143 0.237226 -1.07555 -0.412519 -0.41658 0.039662 0.0270549 -0.259625 -0.173394 0.0188692 0.121324 -0.425686 -0.147515 0.205027 -0.0636012 -0.258474
C2X-N22 5.06356 5.06356 5.06356 5.06356 5.06356 5.06356 -1.01635 5.06356 5.06356 5.06356 5.06356 3.55592 2.97935 1.3457 2.63181 1.0293 -0.615748 -0.0277284 0.294005 -0.147743 -0.498528 -0.708878 -0.0166848 -0.272001 0.0478441 -0.51355 -0.167086 -0.19988 -0.172728 0.374354
C2X-N2N 5.06356 5.06356 5.06356 5.06356 5.06356 5.06356 5.06356 5.06356 5.06356 5.06356 5.06356 5.06356 5.06356 0.591418 0.447207 -0.44207 -1.1598 -1.39548 -0.583285 -0.0987217 0.0916623 -0.229027 -0.162877 -0.198133 -0.400296 0.154543 0.0807632 0.194782 -0.0700848 -0.0615284
C2X-N2X 5.06356 5.06356 5.06356 5.06356 5.06356 5.06356 -2.03305 5.06356 5.06356 5.06356 5.06356 0.631282 5.06356 5.06356 -3.14643 1.92649 0.186589 -0.284487 -0.595425 0.00900735 -0.0507207 -0.143219 -0.308359 -0.318314 -0.693754 0.235288 0.389082 -0.112672 -0.530669 -0.251767
C2X-NC 5.06356 5.06356 5.06356 5.06356 5.06356 5.06356 5.06356 5.06356 5.06356 5.06356 5.06356 5.06356 1.63576 5.06356 3.7162 2.10104 -0.625141 -0.14129 -0.766849 0.041044 -0.736192 -0.726057 0.123924 0.232631 -0.238626 0.681014 -0.235622 -0.099341 -0.320662 0.0113661
C2X-O2 5.06356 5.06356 5.06356 5.06356 5.06356 5.06356 5.06356 5.06356 5.06356 5.06356 5.06356 5.06356 5.06356 0.487208 1.39519 0.275802 -0.515059 -0.40295 -0.0863042 -0.741347 -0.17649 -0.730976 -0.251331 -0.127457 0.0292864 -0.187009 0.146616 0.00465704 0.0761132 0.278534
C2X-O31 5.06356 5.06356 5.06356 5.06356 5.06356 5.06356 5.06356 5.06356 5.06356 5.06356 5.06356 5.06356 0.443483 2.93434 2.02206 -2.37425 -0.0924224 0.027527 -1.12503 -0.265506 0.523684 -0.0259946 -0.280622 0.491758 -0.0115558 -0.279036 0.199267 0.312572 -0.348392 -0.526153
C2X-O32 5.06356 5.06356 5.06356 5.06356 5.06356 5.06356 5.06356 5.06356 5.06356 5.06356 5.06356 5.06356 3.81203 -0.773308 -0.508697 -0.490241 -0.786336 -0.465878 -0.142268 -0.0969747 0.0142323 -0.186357 -0.126024 -0.0853525 -0.0147039 -0.0748427 -0.166525 -0.0470576 -0.316843 -0.305334
C2X-OC 5.06356 5.06356 5.06356 5.06356 5.06356 5.06356 5.06356 5.06356 5.06356 5.06356 5.06356 5.06356 3.31144 5.06356 1.2592 -0.160514 -0.22785 0.850532 1.0995 1.2584 -0.470969 0.600569 0.0743633 -0.326231 -0.0561909 -0.79154 -0.245629 -0.297433 -0.0748831 -0.69768
C2X-P 5.06356 5.06356 5.06356 5.06356 5.06356 5.06356 5.06356 5.06356 5.06356 5.06356 5.06356 5.06356 5.06356 5.06356 5.06356 2.76153 0.85963 2.36702 -0.196374 1.39752 0.169095 0.435402 2.71875 1.5441 0.515328 -1.07305 -1.48801 -0.697089 -1.11955 -0.249113
C2X-SX 5.06356 5.06356 5.06356 5.06356 5.06356 5.06356 5.06356 5.06356 5.06356 5.06356 5.06356 5.06356 5.06356 5.06356 5.06356 2.00048 -3.12221 5.06356 -4.35852 -1.45005 -4.18484 -4.04058 1.28517 0.948427 0.422305 4.38818 -1.30864 1.41736 1.96204 -1.21423
C3F-C3X 5.06356 5.06356 5.06356 5.06356 5.06356 5.06356 5.06356 5.06356 5.06356 5.06356 5.06356 5.06356 5.06356 5.06356 3.05528 -0.330056 1.04476 2.03342 2.43607 0.410823 0.265292 -0.957256 -0.502641 -0.387756 -0.267707 -0.528254 0.146055 -0.134798 -0.379615 -0.512584
C3F-N21 5.06356 5.06356 5.06356 5.06356 5.06356 5.06356 -20.3989 -14.9812 5.06356 5.06356 5.06356 5.06356 -0.50979 5.06356 2.15604 -1.40777 0.76883 1.50885 0.0724231 0.271211 0.743231 -0.575697 0.821691 -0.809425 -0.0483478 1.25962 -0.422332 -0.395936 0.0396767 0.27636
C3F-N22 5.06356 5.06356 5.06356 5.06356 5.06356 5.06356 5.06356 -1.35641 5.06356 5.06356 5.06356 5.06356 2.18724 3.67663 -1.36217 0.385912 -0.341787 0.625124 0.104496 0.417654 -0.370057 -0.706764 -0.292321 -1.1062 -0.349875 -0.0497361 -0.29831 0.188949 0.122198 0.308025
C3F-N2N 5.06356 5.06356 5.06356 5.06356 5.06356 5.06356 5.06356 -0.739986 5.06356 5.06356 5.06356 5.06356 -2.02075 5.06356 -1.61814 5.06356 -1.0609 -0.189885 -0.240858 -2.28849 0.649469 0.816448 -0.317118 0.101734 -0.304756 -0.242065 -0.450992 0.148813 -0.256972 -0.197027
C3F-N2X 5.06356 5.06356 5.06356 5.06356 5.06356 5.06356 5.06356 5.06356 5.06356 5.06356 5.06356 5.06356 5.06356 5.06356 5.06356 -0.487833 1.09428 -2.54182 0.0396423 1.16925 -2.28755 2.1469 0.676717 -0.254345 0.0958583 -0.60493 -0.616014 -0.191238 -0.145593 -0.109662
C3F-NC 5.06356 5.06356 5.06356 5.06356 5.06356 5.06356 5.06356 5.06356 5.06356 5.06356 5.06356 5.06356 5.06356 5.06356 -0.995975 5.06356 -2.41057 2.12198 0.955599 -2.66006 -0.545891 -1.09498 -0.45462 -3.14589 -1.08248 -0.480537 1.52385 0.786854 1.72108 -0.481464
C3F-O2 5.06356 5.06356 5.06356 5.06356 5.06356 5.06356 5.06356 5.06356 5.06356 5.06356 5.06356 5.06356 5.06356 2.381 1.1077 -0.817801 -0.424736 -0.551477 0.249531 -0.127363 0.708489 -0.37139 0.138301 0.460363 0.469909 -0.688623 -0.358698 -0.425914 0.23177 -0.677328
C3F-O31 5.06356 5.06356 5.06356 5.06356 5.06356 5.06356 5.06356 -5.68196 5.06356 5.06356 5.06356 5.06356 -6.17897 2.01248 5.06356 -1.85804 -0.576507 0.0442098 -0.98388 -0.0382026 -0.921615 -0.0804477 -0.0227529 -0.219698 -0.723207 -0.0170606 -0.722922 0.121545 0.647401 1.8059
C3F-O32 5.06356 5.06356 5.06356 5.06356 5.06356 5.06356 5.06356 5.06356 5.06356 5.06356 5.06356 5.06356 2.234 -4.57165 -2.34213 0.344837 -0.480706 -1.18826 0.379195 -0.210773 -0.457437 1.25829 -0.662453 0.69932 -0.370399 0.0573314 -0.200361 -0.3964 0.0185343 -0.356794
C3F-OC 5.06356 5.06356 5.06356 5.06356 5.06356 5.06356 5.06356 5.06356 5.06356 5.06356 5.06356 5.06356 5.06356 -0.41365 -3.57241 -1.45299 -0.830839 -1.09203 -0.357707 0.623084 0.487399 1.66159 -1.43973 -0.522347 0.0811077 -0.877525 -0.581488 0.0490129 -0.221283 0.0424857
C3X-C3X -7.63058 5.06356 5.06356 5.06356 5.06356 5.06356 5.06356 -2.50068 5.06356 5.06356 5.06356 1.38275 2.62308 2.3818 2.99934 3.519 2.5972 1.77578 0.396854 0.178774 0.306838 0.328247 -0.339054 -1.15102 -0.534355 -0.621531 -0.501335 0.107234 -0.0337926 -0.0704712
C3X-Ha 5.06356 5.06356 5.06356 5.06356 5.06356 5.06356 5.06356 5.06356 5.06356 5.06356 5.06356 5.06356 5.06356 5.06356 -0.0596097 5.06356 1.20025 -2.10063 -0.0914982 -1.11154 3.30388 1.43176 3.87083 -0.365714 1.3968 -1.89821 -0.0351673 -0.900685 -3.58069 2.1704
C3X-N21 5.06356 5.06356 5.06356 5.06356 5.06356 5.06356 5.06356 -10.8493 5.06356 5.06356 3.19589 -1.38289 -1.35798 3.78312 -0.548534 0.831099 -0.832639 0.642795 -0.372603 -0.00316324 -0.288695 -0.418241 -0.0513813 0.0675218 0.283779 0.165628 -0.653633 -0.107887 -0.213479 -0.33809
C3X-N22 5.06356 5.06356 5.06356 5.06356 5.06356 5.06356 5.06356 -9.20441 5.06356 5.06356 5.06356 5.06356 3.81252 4.89509 1.88492 -1.02782 -0.473713 0.328045 0.120853 0.520183 0.0835348 -0.393838 -0.286341 -0.76394 -0.226306 -0.284827 -0.517645 -0.000365888 -0.122082 -0.0665372
C3X-N2N 5.06356 5.06356 5.06356 5.06356 5.06356 5.06356 5.06356 -5.22882 5.06356 5.06356 5.06356 3.01153 -2.57413 5.06356 1.99426 0.748499 -0.933322 -1.32178 -1.13034 -1.73662 -1.59826 -0.381081 -0.297972 -0.770335 -0.158986 -0.993687 0.0371924 -0.0737903 0.418871 0.403806
C3X-N2X 5.06356 5.06356 5.06356 5.06356 5.06356 5.06356 5.06356 -1.78244 5.06356 5.06356 5.06356 5.06356 -0.541019 -3.03725 5.06356 -0.358741 -3.01173 -1.10489 1.58645 -1.72274 -0.534951 -1.29782 -1.01372 -0.684066 -0.717362 0.0863043 0.617684 0.468722 -0.298278 -0.410171
C3X-NC 5.06356 5.06356 5.06356 5.06356 5.06356 5.06356 5.06356 0.44802 5.06356 5.06356 5.06356 5.06356 5.06356 2.97841 2.28779 0.0325707 0.339265 1.53574 0.794737 0.562448 -0.00351312 0.182907 -0.0135838 0.305564 0.156799 -0.237178 -1.17998 -0.134062 -0.455355 -0.394001
C3X-O2 5.06356 5.06356 5.06356 5.06356 5.06356 5.06356 5.06356 5.06356 5.06356 5.06356 5.06356 5.06356 1.33541 3.37495 -0.248806 -0.523033 -0.480463 0.276722 -0.276217 -0.0152921 -0.0177976 -0.0416558 0.331627 -0.0959263 -0.454139 -0.202537 -0.577649 -0.281965 -0.168581 0.50838
C3X-O31 5.06356 5.06356 5.06356 5.06356 5.06356 5.06356 5.06356 0.158563 5.06356 5.06356 5.06356 5.06356 4.60544 1.71784 0.441367 -0.593798 -0.0724789 0.289754 0.505248 -0.240473 -0.17851 0.317843 -0.199413 -0.53851 -0.226586 -0.405398 0.0428604 -0.18988 -0.183719 -0.0535008
C3X-O32 5.06356 5.06356 5.06356 5.06356 5.06356 5.06356 5.06356 -2.16488 5.06356 5.06356 5.06356 -2.45408 2.98013 5.06356 0.51174 -2.36309 -1.00338 -0.475353 0.850216 -0.034251 0.900717 0.381981 -0.377036 -0.880972 0.197784 -0.574336 -0.144116 -0.470069 -0.0805194 -0.288023
C3X-OC 5.06356 5.06356 5.06356 5.06356 5.06356 5.06356 5.06356 5.06356 5.06356 5.06356 5.06356 4.48583 5.06356 5.06356 1.80619 -1.54271 0.85963 1.42534 -0.27263 -0.236661 0.683344 -1.11322 0.556515 -0.230568 -0.460621 -0.635325 -0.472483 -0.323007 0.0650671 -0.390185
C3X-P 5.06356 5.06356 5.06356 5.06356 5.06356 5.06356 5.06356 5.06356 5.06356 5.06356 5.06356 5.06356 5.06356 -17.9888 5.06356 5.06356 4.2544 5.06356 -4.03083 -2.06153 -1.77498 -1.41083 0.131605 -1.22372 0.350104 0.849734 0.35015 0.0463729 -0.157871 -0.0282832
C3X-SX 5.06356 5.06356 5.06356 5.06356 5.06356 5.06356 5.06356 5.06356 5.06356 5.06356 5.06356 5.06356 5.06356 5.06356 5.06356 -1.37904 0.443785 5.06356 2.0575 -1.13955 -0.222656 -1.3467 -0.454582 -0.96761 1.67126 0.386927 -1.25291 0.165656 -0.815763 0.418155
Ha-N22 5.06356 5.06356 5.06356 5.06356 5.06356 5.06356 5.06356 5.06356 5.06356 5.06356 5.06356 5.06356 5.06356 0.177949 -0.0271381 -3.30445 -1.62458 1.56159 0.438512 -1.25232 1.01098 1.96744 -0.559253 -0.423852 -0.415903 -0.106477 0.384813 1.84185 -0.718615 0.0292694
N21-N21 5.06356 5.06356 5.06356 5.06356 5.06356 5.06356 5.06356 5.06356 5.06356 5.06356 5.06356 5.06356 5.06356 1.20515 1.46838 -1.52323 -0.869859 0.573233 -0.773652 -1.35249 -0.495198 0.239752 -0.159002 -0.65081 -0.168416 0.438813 0.301416 0.609671 0.786616 -0.505682
N21-N22 5.06356 5.06356 5.06356 5.06356 5.06356 5.06356 5.06356 5.06356 5.06356 5.06356 5.06356 5.06356 0.456861 -0.685797 -0.235036 -0.38105 -0.107714 -0.865787 -0.796772 0.0750688 0.347464 -0.0364696 0.0366179 0.267419 -0.179634 -0.648455 -0.378073 1.16592 -0.424041 -0.226708
N21-N2N 5.06356 5.06356 5.06356 5.06356 5.06356 5.06356 5.06356 5.06356 5.06356 5.06356 5.06356 5.06356 1.26006 5.06356 -0.0354757 1.25407 -0.722947 -0.415398 -0.601561 -0.612552 -0.99066 0.081254 -0.716874 0.439132 0.199758 0.17534 -0.54507 0.316997 0.110085 -0.206703
N21-N2X 5.06356 5.06356 5.06356 5.06356 5.06356 5.06356 5.06356 5.06356 5.06356 5.06356 5.06356 5.06356 -9.13006 5.06356 5.06356 5.06356 -1.20841 -0.923456 -2.36221 -0.463578 1.03855 0.0404564 -0.128586 1.09627 0.0726424 -1.44966 0.369941 -1.07154 -0.351896 0.216497
N21-NC 5.06356 5.06356 5.06356 5.06356 5.06356 5.06356 5.06356 5.06356 5.06356 5.06356 5.06356 5.06356 5.06356 5.06356 1.21915 -0.632264 5.06356 0.596485 -1.29308 -1.001 -0.135587 -1.54762 0.893974 -0.154174 -0.92566 -0.10031 0.96427 -0.926416 -0.645068 0.497583
N21-O2 5.06356 5.06356 5.06356 5.06356 5.06356 5.06356 5.06356 5.06356 5.06356 5.06356 5.06356 3.12104 -1.30896 -0.957238 -0.313671 -0.471415 -0.716798 -0.375493 -0.792507 0.67211 -0.0573754 0.0397353 0.581349 0.53442 -0.40732 0.116911 -0.102422 0.0455938 0.370978 -0.526711
N21-O31 5.06356 5.06356 5.06356 5.06356 5.06356 5.06356 5.06356 5.06356 5.06356 5.06356 5.06356 2.91518 5.06356 0.0721092 0.296695 1.70255 -0.965974 -1.54036 0.700737 0.363179 -0.217676 -0.0951556 -1.39634 0.302817 0.0424166 -0.655214 -0.89888 -0.21014 -0.223454 0.455112
N21-O32 5.06356 5.06356 5.06356 5.06356 5.06356 5.06356 5.06356 5.06356 5.06356 5.06356 5.06356 5.06356 5.06356 1.15643 -0.373735 -0.602221 0.301195 -1.70567 -0.14467 0.642949 -0.169411 0.184364 -0.0479926 0.0433387 -0.114563 -0.425466 0.1719 -0.802134 0.135126 0.0589769
N21-OC 5.06356 5.06356 5.06356 5.06356 5.06356 5.06356 5.06356 5.06356 5.06356 5.06356 5.06356 5.06356 -0.53202 -4.47768 -0.364858 -0.149749 -0.704107 -2.0772 -0.805038 -2.47891 -0.741998 -0.703532 0.419363 0.671644 -0.707008 0.39611 0.420176 1.80411 -0.376237 0.431424
N21-P 5.06356 5.06356 5.06356 5.06356 5.06356 5.06356 5.06356 5.06356 5.06356 5.06356 5.06356 5.06356 5.06356 5.06356 5.06356 -1.7775 0.566899 2.97087 0.457798 -1.13668 -0.570393 0.3098 -1.08131 0.702908 1.48446 0.971713 0.479959 0.753058 -0.64789 -2.24759
N22-N22 -5.63883 5.06356 5.06356 5.06356 5.06356 5.06356 5.06356 5.06356 5.06356 5.06356 5.06356 4.56633 5.06356 3.11252 0.401824 0.936384 0.196587 -0.375701 -1.50382 -0.410693 0.259955 0.171245 0.264038 -0.426887 -0.352392 -0.0764976 0.36809 0.0986894 -0.0668939 -0.52952
N22-N2N 5.06356 5.06356 5.06356 5.06356 5.06356 5.06356 5.06356 5.06356 5.06356 5.06356 5.06356 5.06356 1.16131 -0.010731 -0.285586 1.87165 0.468544 -0.183051 -0.601577 -0.14482 -0.134243 -0.438812 0.151149 -0.163069 -0.467293 0.0356679 -0.120571 0.597909 -0.232437 -0.169287
N22-N2X 5.06356 5.06356 5.06356 5.06356 5.06356 5.06356 5.06356 5.06356 5.06356 5.06356 5.06356 -0.540704 0.195142 5.06356 2.93657 2.58647 -1.32887 -1.27719 1.00432 -0.0886387 -0.889196 -0.496313 0.38535 -0.378223 -0.744497 0.0504286 -0.123471 0.583559 -0.124583 -0.430494
N22-NC 5.06356 5.06356 5.06356 5.06356 5.06356 5.06356 5.06356 5.06356 5.06356 5.06356 5.06356 -1.662 -3.36201 -2.41018 -1.42147 1.12164 0.412463 -0.465605 0.133122 -0.377807 -0.19155 0.762119 -0.0295377 0.567723 0.708555 0.503114 -0.293984 -0.350939 -0.430185 -0.143178
N22-O2 5.06356 5.06356 5.06356 5.06356 5.06356 5.06356 5.06356 5.06356 5.06356 5.06356 5.06356 5.06356 1.07234 0.549914 0.159691 0.828685 -0.305435 -0.807374 -0.409363 0.251217 0.40011 -0.108329 0.018709 -0.624921 -0.48808 -0.881741 0.154761 0.548657 0.671665 -0.110324
N22-O31 5.06356 5.06356 5.06356 5.06356 5.06356 5.06356 5.06356 5.06356 5.06356 5.06356 0.349826 2.8003 8.96943e-05 -2.18703 0.138737 1.31815 1.29581 0.358496 -0.329355 -0.525103 0.23407 0.0967774 -0.225115 0.0844466 0.85115 -0.764526 0.00325747 -0.591202 0.0925199 -0.339445
N22-O32 5.06356 5.06356 5.06356 5.06356 5.06356 5.06356 5.06356 5.06356 5.06356 5.06356 5.06356 0.675069 3.70664 3.70066 0.938986 0.440873 0.996323 -0.47767 0.191673 0.505497 0.0624947 -0.0498274 -0.173901 0.0685449 -0.317006 -0.337022 0.000300071 -0.0338526 -0.285408 -0.799126
N22-OC 5.06356 5.06356 5.06356 5.06356 5.06356 5.06356 5.06356 5.06356 5.06356 5.06356 5.06356 5.06356 5.06356 5.06356 3.99211 0.43648 2.4615 0.821763 0.188788 0.644589 0.10883 0.875252 0.543104 0.605624 -0.447809 -0.923214 -0.53704 -0.0514945 -0.702057 -0.576398
N22-P 5.06356 5.06356 5.06356 5.06356 5.06356 5.06356 5.06356 5.06356 5.06356 5.06356 5.06356 5.06356 5.06356 5.06356 5.06356 5.06356 2.30013 -0.0274844 3.33667 2.24368 4.43949 -1.61953 4.5569 -0.485234 1.33293 0.743801 -1.29715 -3.46931 -0.243368 -1.07788
N2N-N2N 5.06356 5.06356 5.06356 5.06356 5.06356 5.06356 5.06356 5.06356 5.06356 5.06356 5.06356 5.06356 5.06356 1.92752 5.06356 5.06356 1.14303 -3.2064 -2.16144 -0.746907 -3.4136 0.933018 1.5955 -0.304244 -1.69894 -0.469004 0.299325 1.06799 -0.145314 0.773267
N2N-N2X 5.06356 5.06356 5.06356 5.06356 5.06356 5.06356 5.06356 5.06356 5.06356 5.06356 5.06356 5.06356 5.06356 5.06356 5.06356 4.9954 -3.46824 4.36277 0.541477 -0.491927 1.3326 0.28678 -0.673326 -0.812202 -2.02704 -0.741105 -0.338684 0.254589 0.498814 0.328718
N2N-NC 5.06356 5.06356 5.06356 5.06356 5.06356 5.06356 5.06356 5.06356 5.06356 5.06356 5.06356 5.06356 5.06356 -0.457341 1.91089 0.0812661 -2.77919 -0.581396 -0.771661 2.54338 -0.624282 -0.00362918 -1.08546 -0.416453 0.2187 -0.124155 -0.422278 -0.0158246 -0.236919 -0.210029
N2N-O2 5.06356 5.06356 5.06356 5.06356 5.06356 5.06356 5.06356 5.06356 5.06356 5.06356 5.06356 5.06356 0.606576 -5.76424 -1.75134 -1.4009 0.110546 -2.04192 -1.2431 1.43084 -1.27315 -1.5102 -1.06331 0.915457 1.40636 0.547991 0.621548 0.739628 -0.678926 0.102891
N2N-O31 5.06356 5.06356 5.06356 5.06356 5.06356 5.06356 5.06356 5.06356 5.06356 5.06356 5.06356 -1.62657 1.34981 -1.42115 -0.154591 -0.972871 0.00164959 -0.24402 1.0425 -0.265606 -0.552513 2.08219 0.448353 -0.677195 -0.142806 0.277584 -0.181513 -0.344299 -0.306149 -0.200712
N2N-O32 5.06356 5.06356 5.06356 5.06356 5.06356 5.06356 5.06356 5.06356 5.06356 5.06356 5.06356 5.06356 2.80007 1.0211 0.474382 2.26739 -0.713704 -0.579032 -0.445936 -0.593896 0.320413 -0.438495 0.323521 -0.295633 -0.291218 0.459749 -0.716221 0.322921 -0.174807 -0.292831
N2N-OC 5.06356 5.06356 5.06356 5.06356 5.06356 5.06356 5.06356 5.06356 5.06356 5.06356 5.06356 0.831662 -1.18493 -1.68728 -0.871106 0.963353 2.30791 -1.23692 -1.03131 0.0876071 0.0302991 -0.141217 -0.665672 -0.67475 0.44877 -0.849174 0.117552 0.404514 0.599675 -0.110157
N2X-N2X -8.08901 5.06356 5.06356 5.06356 5.06356 5.06356 5.06356 5.06356 5.06356 5.06356 5.06356 5.06356 5.06356 5.06356 5.06356 -11.0355 -8.701 -1.9241 -0.379577 -4.36423 4.41102 -1.1047 -1.44332 -2.58731 -0.523881 1.71797 0.889349 2.59293 -0.503509 -0.693816
N2X-NC 5.06356 5.06356 5.06356 5.06356 5.06356 5.06356 5.06356 5.06356 5.06356 5.06356 5.06356 5.06356 -0.642657 5.06356 5.06356 -0.245246 1.18948 0.467001 -0.77879 1.82562 2.13287 2.19258 -0.320366 -1.02067 -0.430263 -1.11663 0.196406 0.417129 -1.19304 -0.477124
N2X-O2 5.06356 5.06356 5.06356 5.06356 5.06356 5.06356 5.06356 5.06356 5.06356 5.06356 5.06356 5.06356 5.06356 5.06356 0.928641 5.06356 0.0775729 0.775978 0.243285 -0.599368 -1.22064 0.197307 -0.0719425 -0.438742 -0.186626 0.032534 0.0456423 -0.529808 -0.315157 0.00827872
N2X-O31 5.06356 5.06356 5.06356 5.06356 5.06356 5.06356 5.06356 5.06356 5.06356 5.06356 5.06356 5.06356 -3.04003 -0.490008 5.06356 3.07139 -1.28501 -0.911113 -0.884227 -1.96692 1.6704 0.477053 1.07108 -0.518 -0.8589 -0.148709 0.127928 0.184018 -0.0761854 -0.674364
N2X-O32 5.06356 5.06356 5.06356 5.06356 5.06356 5.06356 5.06356 5.06356 5.06356 5.06356 5.06356 -2.05856 -5.57184 5.06356 5.06356 -3.5086 -1.4214 -3.37822 -1.18188 1.28741 -1.52998 -1.84222 -0.177194 -0.333244 -0.680842 0.325349 -0.395527 1.76421 -0.238381 0.00394066
N2X-OC 5.06356 5.06356 5.06356 5.06356 5.06356 5.06356 5.06356 5.06356 5.06356 5.06356 5.06356 5.06356 5.06356 5.06356 3.0775 -10.5586 -5.94114 -1.29193 0.93375 -0.870453 -2.25056 -1.20753 -2.35512 3.24734 0.162208 -0.58617 0.119723 -0.35526 0.374696 -1.01032
NC-O2 5.06356 5.06356 5.06356 5.06356 5.06356 5.06356 5.06356 5.06356 5.06356 5.06356 5.06356 3.5444 -1.21529 -3.9273 -0.166893 0.391243 0.816633 -0.261246 -0.162297 -1.13724 1.58596 -0.65543 -0.957039 -0.192144 0.107472 0.438678 0.197299 1.28104 -1.20098 1.04829
NC-O31 5.06356 5.06356 5.06356 5.06356 5.06356 5.06356 5.06356 5.06356 5.06356 5.06356 5.06356 -8.17814 -6.76028 -6.47255 1.06487 4.91023 2.95283 -3.86049 -3.4736 -1.53459 0.277056 0.113977 -1.57444 -0.396069 0.866663 0.660515 -0.744534 -1.2081 0.0805574 2.22111
NC-O32 5.06356 5.06356 5.06356 5.06356 5.06356 5.06356 5.06356 5.06356 5.06356 5.06356 5.06356 5.06356 5.06356 -1.04855 -0.40937 4.47023 3.26803 -1.06138 1.44106 -0.922793 2.33304 0.0562369 1.6693 -0.785541 -0.561144 -0.495903 0.397748 -1.0713 -0.627579 -0.422986
NC-OC 5.06356 5.06356 5.06356 5.06356 5.06356 5.06356 5.06356 5.06356 5.06356 5.06356 5.06356 5.06356 -0.0741704 -1.84028 -0.329522 2.69995 0.263582 -3.30825 -2.52362 -0.804138 -1.51979 -1.81238 0.412098 -0.230348 0.345311 0.464637 -0.182529 0.433989 -0.460229 0.130232
NC-P 5.06356 5.06356 5.06356 5.06356 5.06356 5.06356 5.06356 5.06356 5.06356 5.06356 5.06356 5.06356 5.06356 5.06356 5.06356 0.338553 0.999385 -1.34654 -4.18379 0.232546 -0.976814 -1.41978 4.0062 1.16346 -0.535722 -0.970073 2.66653 1.78952 -1.28942 -0.259712
O2-O2 5.06356 5.06356 5.06356 5.06356 5.06356 5.06356 5.06356 5.06356 5.06356 5.06356 5.06356 3.03497 1.82506 -1.08438 -0.609748 3.06203 0.387862 0.309886 -0.874475 -0.148473 -0.583257 -0.38246 0.369555 -0.575806 -0.550368 0.38655 -0.530236 0.0932088 -0.444969 0.745732
O2-O31 5.06356 5.06356 5.06356 5.06356 5.06356 5.06356 5.06356 5.06356 5.06356 5.06356 5.05249 5.06356 1.48527 3.16442 2.79789 4.29544 0.199088 -0.0378582 -0.161553 -1.05244 0.83998 -1.64614 -1.1274 -0.169275 -0.250881 -0.604499 -0.188604 -1.06934 1.3458 -0.857419
O2-O32 5.06356 5.06356 5.06356 5.06356 5.06356 5.06356 5.06356 5.06356 5.06356 5.06356 5.06356 5.06356 -1.03246 2.94233 0.973019 0.84017 1.38431 0.336935 -0.0633949 1.0079 -0.115891 -0.562477 -0.350843 -0.810639 -0.581894 -0.188004 -0.294009 -0.045702 0.277269 0.120939
O2-OC 5.06356 5.06356 5.06356 5.06356 5.06356 5.06356 5.06356 5.06356 5.06356 5.06356 5.06356 5.06356 0.732826 -1.42236 -2.42448 -0.809108 2.25865 0.177395 0.799585 0.149442 0.371565 0.499194 -0.0528032 -0.494354 -0.20973 0.388625 -1.01641 0.731743 -0.729099 -0.188786
O2-P 5.06356 5.06356 5.06356 5.06356 5.06356 5.06356 5.06356 5.06356 5.06356 5.06356 5.06356 5.06356 5.06356 5.06356 4.5434 -2.94945 5.06356 -2.70401 3.45268 0.110053 0.0654826 -0.73819 -1.35025 0.290365 1.63017 -0.203374 0.198932 -0.988019 -0.730966 -0.137409
O31-O31 5.06356 5.06356 5.06356 5.06356 5.06356 5.06356 5.06356 5.06356 5.06356 5.06356 5.06356 0.967903 -5.14943 1.00661 3.34127 1.08721 0.473017 1.36382 -0.437963 1.90857 -0.236439 -0.0244922 -1.71916 -0.470156 0.122217 1.64415 -0.379019 -0.226303 1.45305 0.114594
O31-O32 5.06356 5.06356 5.06356 5.06356 5.06356 5.06356 5.06356 5.06356 5.06356 5.06356 5.06356 -0.429982 -2.1888 0.79668 2.98459 1.35929 0.900846 -0.770131 0.738162 -0.428205 0.175903 0.38897 0.905428 -0.724422 -0.606533 -0.154257 -0.130774 -0.790559 0.214359 -0.615474
O31-OC 5.06356 5.06356 5.06356 5.06356 5.06356 5.06356 5.06356 5.06356 5.06356 5.06356 5.06356 0.342787 -1.46536 0.600992 4.70091 3.3601 0.177076 -0.500321 1.85505 -0.495362 0.126934 -0.329196 -1.96737 -0.180124 -0.947288 -0.148709 0.811994 -0.844774 -0.437919 -0.0850779
O32-O32 -7.64728 5.06356 5.06356 5.06356 5.06356 5.06356 5.06356 5.06356 5.06356 5.06356 5.06356 5.06356 0.547092 5.06356 1.19117 -1.52897 -2.62841 4.18001 0.568544 0.234591 0.368961 3.67095 0.107934 -0.126191 -0.177482 -0.105755 0.0452779 -0.60657 -0.951253 -0.843578
O32-OC 5.06356 5.06356 5.06356 5.06356 5.06356 5.06356 5.06356 5.06356 5.06356 5.06356 5.06356 5.06356 5.06356 3.58418 1.85936 3.50324 1.21368 1.62702 -0.346213 0.78317 -0.130697 0.114193 0.551482 -0.733931 -0.751094 -0.00440695 -1.20281 -0.143342 0.246969 -0.330809
O32-P 5.06356 5.06356 5.06356 5.06356 5.06356 5.06356 5.06356 -4.60355 -7.85765 5.06356 5.06356 5.06356 5.06356 5.06356 5.06356 -5.08118 5.06356 4.0996 5.06356 1.86689 5.06356 2.07679 1.1697 -1.6533 -0.504094 -1.03911 -1.00114 -0.113545 -1.49625 0.116408
O32-SX 5.06356 5.06356 5.06356 5.06356 5.06356 5.06356 5.06356 5.06356 5.06356 5.06356 5.06356 5.06356 5.06356 5.06356 3.20866 -3.7551 -3.33076 5.06356 -3.9816 0.138246 2.29487 0.558909 -0.198312 -3.2371 -1.21748 3.93906 0.771902 0.90417 0.0180841 -1.41975
OC-OC 5.06356 5.06356 5.06356 5.06356 5.06356 5.06356 5.06356 5.06356 5.06356 5.06356 5.06356 5.06356 5.06356 1.81082 0.209277 0.271389 3.89245 2.90038 1.76235 0.13635 -0.0801427 1.36064 -1.50691 0.446001 -0.557219 -0.0731342 -1.14076 -0.705911 -1.0142 0.0199117
OC-P 5.06356 5.06356 5.06356 5.06356 5.06356 5.06356 5.06356 5.06356 5.06356 5.06356 5.06356 5.06356 5.06356 5.06356 4.5434 1.31309 0.145724 -0.245004 -0.342209 -0.332701 0.802086 -4.51074 -1.77811 -0.0280696 -2.13504 3.20611 -1.78139 -1.62833 -2.70666 -3.5269