# radius 6 A, dr 0.2 A, 70 contact types, remove some contact types to improve binding affinity correlation
C2M-C2N 5.06356 5.06356 5.06356 5.06356 5.06356 5.06356 5.06356 5.06356 5.06356 5.06356 5.06356 5.06356 5.06356 -2.92594 5.06356 -0.74904 -0.134057 -0.589141 0.0577348 -0.829512 -0.164277 -0.491284 -0.637619 -0.314492 0.113548 -0.530754 -0.506332 0.0703104 -0.203646 0.156923
C2M-C2P 5.06356 5.06356 5.06356 5.06356 5.06356 5.06356 5.06356 5.06356 5.06356 5.06356 5.06356 5.06356 -3.6321 5.06356 -3.61742 -0.627748 0.12347 -0.426423 -1.41275 -0.618974 0.108198 0.55068 -0.441122 -0.601096 0.296755 0.18482 0.53652 0.418098 -0.412324 -0.862406
C2M-C2X 5.06356 5.06356 5.06356 5.06356 5.06356 5.06356 5.06356 5.06356 5.06356 5.06356 5.06356 5.06356 5.06356 5.06356 2.72078 2.06648 -1.10932 -0.785204 -1.01624 -0.806479 -0.87827 0.830763 -1.10672 0.658726 -0.557332 -0.017027 -0.183547 -0.0899986 0.475737 0.0241344
C2M-C3X 5.06356 5.06356 5.06356 5.06356 5.06356 5.06356 5.06356 -1.45953 5.06356 5.06356 5.06356 5.06356 -2.88855 5.06356 5.06356 5.06356 0.738828 1.22846 0.0469239 -1.3002 -0.337036 -1.10979 -0.0479585 -0.0718514 -0.190729 -0.18099 -0.721744 0.00084972 0.234143 0.0146198
C2M-N21 5.06356 5.06356 5.06356 5.06356 5.06356 5.06356 5.06356 5.06356 5.06356 5.06356 5.06356 5.06356 5.06356 5.06356 1.11071 0.703982 0.834399 1.08576 -1.14983 -0.309902 -1.46329 0.431698 0.00227283 0.855143 -0.779693 -0.806892 -0.57208 2.04691 -0.204013 -0.761543
C2M-N22 5.06356 5.06356 5.06356 5.06356 5.06356 5.06356 5.06356 5.06356 5.06356 5.06356 5.06356 5.06356 5.06356 0.196588 4.63233 -1.40079 -0.236543 -0.8824 -0.366318 -0.0562742 -0.524655 0.104954 0.260786 0.174971 -0.555711 -0.605636 -0.856002 0.186425 0.0384182 -0.242243
C2M-N2N 5.06356 5.06356 5.06356 5.06356 5.06356 5.06356 5.06356 5.06356 5.06356 5.06356 5.06356 5.06356 5.06356 -5.98886 5.06356 -0.706572 -1.2813 -1.94353 -0.319571 -1.63385 -0.963279 -1.08739 0.000355612 1.63944 0.300923 0.0408715 -0.248875 0.456173 -0.567074 0.522018
C2M-N2X 5.06356 5.06356 5.06356 5.06356 5.06356 5.06356 5.06356 5.06356 5.06356 5.06356 5.06356 5.06356 5.06356 5.06356 -3.68941 5.06356 -2.36628 -0.594263 1.10473 0.335192 2.45534 -0.843076 -0.702044 1.13673 0.976185 -2.09176 1.77234 -1.089 -1.45423 -0.0590485
C2N-C2N 5.06356 5.06356 5.06356 5.06356 5.06356 5.06356 5.06356 5.06356 5.06356 5.06356 5.06356 5.06356 5.06356 5.06356 -0.029082 1.50913 -1.73723 -0.407669 -0.381486 -0.859188 -2.30628 -1.02868 -0.394437 0.12871 -0.431924 0.69964 0.424641 1.20705 0.505816 0.00382018
C2N-C2P 5.06356 5.06356 5.06356 5.06356 5.06356 5.06356 5.06356 5.06356 5.06356 5.06356 5.06356 5.06356 5.06356 5.06356 -2.62584 -1.70453 -0.265384 -1.19886 -0.493427 -0.0328839 -0.173964 -0.661738 -0.0214248 -0.51977 -0.765719 0.488429 0.190847 0.0884674 -0.240222 0.232489
C2N-C2X 5.06356 5.06356 5.06356 5.06356 5.06356 5.06356 5.06356 5.06356 5.06356 5.06356 5.06356 4.79248 5.06356 -0.496239 2.25609 0.734273 -0.660011 -0.445847 -0.328555 -0.261211 -0.3437 -0.345742 -0.196998 -0.365912 -0.16558 0.280908 0.030645 0.0868523 -0.227861 -0.120766
C2N-N22 5.06356 5.06356 5.06356 5.06356 5.06356 5.06356 5.06356 5.06356 5.06356 5.06356 5.06356 5.06356 5.06356 2.25757 4.43288 1.57761 0.0187196 -0.430293 -0.821693 -0.645507 -0.991771 -0.255965 0.00692581 -0.357546 0.457466 -0.0934701 0.150413 -0.142326 0.193023 -0.0707183
C2N-N2X 5.06356 5.06356 5.06356 5.06356 5.06356 5.06356 5.06356 5.06356 5.06356 5.06356 5.06356 5.06356 5.06356 5.06356 5.06356 1.8454 0.128907 -0.229933 -0.345414 -0.0544956 -0.791827 0.19924 0.0953513 -0.684317 0.0166904 1.18549 -1.07628 -1.41237 -0.257271 0.513338
C2N-NC 5.06356 5.06356 5.06356 5.06356 5.06356 5.06356 5.06356 5.06356 5.06356 5.06356 5.06356 5.06356 5.06356 -0.676009 -0.746404 4.01139 0.618742 -1.1774 -0.957939 -0.237021 -0.849741 -1.11844 -0.277032 -0.311232 0.254133 -0.0796137 -0.273021 -0.0263431 0.175662 0.041262
C2P-C2X 5.06356 5.06356 5.06356 5.06356 5.06356 5.06356 0.0169607 5.06356 5.06356 5.06356 5.06356 1.44778 4.83473 3.70949 2.10493 0.605734 -0.216887 -0.902401 -0.651856 -0.713309 -0.000876786 -0.417877 -0.326626 0.0985316 -0.00345559 -0.0978271 -0.115142 0.0330823 0.171403 0.0115328
C2P-C3X 5.06356 5.06356 5.06356 5.06356 5.06356 5.06356 5.06356 5.06356 5.06356 5.06356 5.06356 5.06356 -4.33699 5.06356 3.96396 4.65817 0.394267 0.441972 -0.640108 0.488918 -0.447036 -0.935245 -0.625364 -0.342511 -0.632672 -0.220707 -0.10265 0.0139396 -0.133708 -0.0263
C2P-N22 5.06356 5.06356 5.06356 5.06356 5.06356 5.06356 -0.428124 5.06356 5.06356 5.06356 5.06356 5.06356 3.07964 -0.682209 -3.05998 -1.71981 -1.43657 -1.3772 -0.432081 -0.338604 -0.0784645 -0.508014 -0.300884 -0.226152 -0.333568 -0.151293 0.618598 0.195114 0.333725 0.42221
C2P-N2N 5.06356 5.06356 5.06356 5.06356 5.06356 5.06356 5.06356 5.06356 5.06356 5.06356 5.06356 5.06356 5.06356 5.06356 0.447518 1.61516 -0.917846 0.0104736 -1.45374 -0.729276 -0.368415 1.36759 0.694847 -0.944226 -0.532367 0.126644 -0.333198 -0.14798 0.320073 -0.34899
C2P-O2 5.06356 5.06356 5.06356 5.06356 5.06356 5.06356 5.06356 5.06356 5.06356 5.06356 5.06356 5.06356 -0.182157 5.06356 1.16385 -1.13789 -1.41202 -0.513423 -1.21959 -0.723417 -0.538816 -0.73706 -0.776688 0.320458 0.40473 0.42613 0.55742 0.172916 0.534432 -0.116929
C2P-OC 5.06356 5.06356 5.06356 5.06356 5.06356 5.06356 5.06356 5.06356 5.06356 5.06356 5.06356 5.06356 5.06356 4.0384 0.312408 -2.4269 1.25146 0.467753 1.33978 1.96288 1.05883 0.126383 -1.02813 1.36273 -0.150846 -0.507772 -1.30075 0.506252 -1.07509 -0.693924
C2X-C2X -5.1925 5.06356 5.06356 5.06356 5.06356 5.06356 0.344839 5.06356 5.06356 5.06356 3.39678 2.86682 0.267635 5.06356 -0.882036 0.785296 -0.363628 -0.698882 -0.354813 -0.447129 -0.343147 -0.147181 -0.155347 0.0747138 -0.246502 0.0449116 0.290326 0.0271003 -0.32898 -0.226121
C2X-C3X 5.06356 5.06356 5.06356 5.06356 5.06356 5.06356 5.06356 5.06356 5.06356 5.06356 3.071 5.06356 1.95543 1.07695 5.06356 3.87465 0.992399 0.790676 -0.263229 -0.267475 -0.280969 -0.150417 -0.384304 -0.690628 -0.337374 -0.1818 -0.091367 -0.134525 -0.136921 -0.103753
C2X-N21 5.06356 5.06356 5.06356 5.06356 5.06356 5.06356 5.06356 2.69103 5.06356 5.06356 4.05639 -0.880066 3.65432 2.02825 0.198247 -0.0603349 -0.517893 -0.573116 -0.243744 -0.290584 -0.012813 -0.0982953 0.0970264 0.0854115 -0.0346538 -0.423412 0.0769286 -0.116578 -0.0873723 -0.310012
C2X-N22 5.06356 5.06356 5.06356 5.06356 5.06356 5.06356 -1.01635 5.06356 5.06356 5.06356 5.06356 3.55592 4.63156 -0.345766 2.04925 1.17185 -0.235687 -0.108246 -0.0174628 -0.325734 -0.519269 -0.372414 0.0810893 -0.234031 0.0875236 -0.528205 -0.238386 -0.00241219 -0.262853 0.246907
C2X-N2N 5.06356 5.06356 5.06356 5.06356 5.06356 5.06356 5.06356 5.06356 5.06356 5.06356 5.06356 5.06356 5.06356 1.24185 0.352589 0.353354 -0.264033 -1.13619 -0.877381 -0.400956 -0.0240766 -0.185322 0.170164 -0.133885 -0.283969 0.215337 -0.165298 0.103071 -0.116786 -0.0585694
C2X-N2X 5.06356 5.06356 5.06356 5.06356 5.06356 5.06356 -2.03305 5.06356 5.06356 5.06356 5.06356 0.631282 5.06356 5.06356 -4.67052 2.09328 0.0140944 0.200563 -0.677029 0.156532 -0.214187 -0.112531 -0.509468 -0.389785 -0.761518 0.141151 0.442243 0.114305 -0.556407 -0.154109
C2X-O31 5.06356 5.06356 5.06356 5.06356 5.06356 5.06356 5.06356 5.06356 5.06356 5.06356 5.06356 5.06356 2.38732 3.3473 2.21915 -1.16684 0.0529884 -0.196055 -0.743349 -0.166404 0.67107 0.117186 -0.203191 0.420962 0.0466271 -0.39195 -0.044196 0.109706 -0.557366 -0.391879
C2X-O32 5.06356 5.06356 5.06356 5.06356 5.06356 5.06356 5.06356 5.06356 5.06356 5.06356 5.06356 5.06356 3.34553 -0.928673 -0.489227 0.205711 -0.841337 -0.395157 -0.20604 -0.222897 -0.0314629 -0.138633 -0.131949 -0.0751028 0.168767 -0.219799 -0.183205 -0.0845513 -0.296789 -0.273211
C2X-P 5.06356 5.06356 5.06356 5.06356 5.06356 5.06356 5.06356 5.06356 5.06356 5.06356 5.06356 5.06356 5.06356 5.06356 5.06356 2.76153 0.85963 -1.44712 1.15211 0.159439 0.106947 -0.116994 2.22455 1.35974 0.870606 -1.04162 -1.00111 -0.878957 -1.04659 -0.405257
C2X-SX 5.06356 5.06356 5.06356 5.06356 5.06356 5.06356 5.06356 5.06356 5.06356 5.06356 5.06356 5.06356 5.06356 5.06356 5.06356 2.00048 -2.50867 0.790113 -2.74447 -0.787884 -3.49628 -3.22074 -0.369477 0.151998 -0.591785 2.59179 -0.770117 1.32574 1.79246 -0.73428
C3F-N21 5.06356 5.06356 5.06356 5.06356 5.06356 5.06356 -18.4234 -12.3941 5.06356 5.06356 5.06356 5.06356 -0.428063 5.06356 1.16877 0.360871 -0.293658 0.35575 0.0746318 0.432769 0.755996 -0.500763 0.804223 -0.566241 -0.350308 0.769583 -0.0540071 -0.219078 -0.167037 0.152915
C3F-OC 5.06356 5.06356 5.06356 5.06356 5.06356 5.06356 5.06356 5.06356 5.06356 5.06356 5.06356 5.06356 5.06356 -0.665683 -0.609455 -1.1858 0.170113 -0.488789 -0.452968 0.26594 0.572649 0.72172 -0.757418 -0.579431 -0.19512 -0.176001 -0.376252 -0.216047 -0.524071 0.0337267
C3X-C3X -7.63058 5.06356 5.06356 5.06356 5.06356 5.06356 5.06356 -2.50068 5.06356 5.06356 5.06356 1.38275 1.18193 2.01006 1.68017 2.84342 3.17376 1.55757 1.22398 0.269733 0.25242 0.00194164 -0.616052 -0.887099 -0.591564 -0.567091 -0.412195 -0.167703 -0.0299442 0.105856
C3X-Ha 5.06356 5.06356 5.06356 5.06356 5.06356 5.06356 5.06356 5.06356 5.06356 5.06356 5.06356 5.06356 5.06356 5.06356 1.91959 5.06356 1.98181 -2.34794 -0.00424863 -0.900872 2.70752 0.588657 3.903 0.646962 1.05571 -2.83704 0.155289 -0.739968 -2.99317 2.44204
C3X-N21 5.06356 5.06356 5.06356 5.06356 5.06356 5.06356 5.06356 -10.0291 5.06356 5.06356 2.59009 -0.557648 -0.0997737 2.74065 -0.123835 1.25671 -0.0174562 0.350344 -0.370318 -0.236566 0.0297706 -0.23922 -0.146614 -0.140165 0.137644 -0.0545317 -0.442368 -0.218154 -0.0966989 -0.291808
C3X-N22 5.06356 5.06356 5.06356 5.06356 5.06356 5.06356 5.06356 -7.7143 5.06356 5.06356 5.06356 5.06356 4.93304 3.62517 1.07852 -0.417948 -0.00647204 0.360769 -0.186559 0.364279 0.0623479 -0.321103 -0.220256 -0.864423 -0.250699 -0.185201 -0.507084 0.0745651 -0.107963 -0.0888978
C3X-N2N 5.06356 5.06356 5.06356 5.06356 5.06356 5.06356 5.06356 -2.34297 5.06356 5.06356 5.06356 3.94706 -0.529163 5.06356 3.41149 0.454533 -0.327225 -0.94282 -0.292559 -1.00153 -1.14867 -0.174846 -0.0764478 -0.479089 -0.302543 -0.735615 -0.102449 -0.217141 0.0750896 0.0764061
C3X-N2X 5.06356 5.06356 5.06356 5.06356 5.06356 5.06356 5.06356 -1.78244 5.06356 5.06356 5.06356 5.06356 -0.541019 -1.73765 5.06356 -2.92138 -2.17458 -0.733261 0.571913 -1.10025 -0.573228 -1.34898 -0.223344 -0.391157 -1.01066 0.0147135 0.389109 0.195742 -0.208994 -0.377707
C3X-O32 5.06356 5.06356 5.06356 5.06356 5.06356 5.06356 5.06356 -2.16488 5.06356 5.06356 5.06356 -2.45408 1.02756 5.06356 0.407105 -1.48765 -0.78555 -0.765522 0.145377 -0.165476 0.452718 0.185774 -0.354937 -0.116218 -0.0312802 -0.243452 -0.202835 -0.370161 -0.228056 -0.316857
C3X-OC 5.06356 5.06356 5.06356 5.06356 5.06356 5.06356 5.06356 5.06356 5.06356 5.06356 5.06356 4.48583 5.06356 4.95679 2.84264 -0.0807857 0.506244 0.724395 -0.0548771 -0.0697127 0.27743 -0.617119 0.63366 -0.405063 -0.249712 -0.403396 -0.675032 -0.251452 -0.163957 -0.230698
C3X-P 5.06356 5.06356 5.06356 5.06356 5.06356 5.06356 5.06356 5.06356 5.06356 5.06356 5.06356 5.06356 5.06356 -14.4921 5.06356 5.06356 2.82945 4.32021 -1.45193 -1.6672 -1.57342 -1.1937 -0.38781 -0.653 -0.320496 0.175925 0.37005 0.231001 0.036561 -0.116468
N21-N22 5.06356 5.06356 5.06356 5.06356 5.06356 5.06356 5.06356 5.06356 5.06356 5.06356 5.06356 5.06356 0.621031 -0.083609 0.176571 -1.13531 -0.242712 -0.935819 -0.644717 0.0538148 0.106134 0.172247 0.107277 0.240346 -0.124961 -0.607987 -0.404337 0.720303 -0.257073 0.0423206
N21-N2X 5.06356 5.06356 5.06356 5.06356 5.06356 5.06356 5.06356 5.06356 5.06356 5.06356 5.06356 5.06356 -7.47818 5.06356 5.06356 5.06356 -0.244509 -0.266055 -1.30002 -0.570374 0.845781 -0.253734 0.335562 0.121375 0.0125823 -1.20072 -0.153369 -0.959323 -0.293776 0.104007
N21-NC 5.06356 5.06356 5.06356 5.06356 5.06356 5.06356 5.06356 5.06356 5.06356 5.06356 5.06356 5.06356 5.06356 3.81835 1.70975 -1.41141 1.94388 -0.436788 -0.386492 -1.11118 0.367926 -1.11706 0.185406 -0.219773 -0.603545 -0.012754 1.03971 -0.29156 -0.625315 0.0542538
N21-O31 5.06356 5.06356 5.06356 5.06356 5.06356 5.06356 5.06356 5.06356 5.06356 5.06356 2.79342 2.91191 2.6685 0.935976 0.113944 0.94898 -0.715078 -0.4807 0.97853 -0.183977 -0.839288 0.343668 -0.987331 0.0344299 -0.130684 -0.789973 -0.433642 0.138304 0.0576473 -0.114867
N21-O32 5.06356 5.06356 5.06356 5.06356 5.06356 5.06356 5.06356 5.06356 5.06356 5.06356 5.06356 5.06356 5.06356 0.29577 -0.912135 -0.362604 0.35699 -1.72588 0.582458 0.577544 0.241103 0.145606 -0.317455 0.061667 -0.257192 -0.330967 -0.181433 -0.465565 0.0957247 0.0445659
N21-OC 5.06356 5.06356 5.06356 5.06356 5.06356 5.06356 5.06356 5.06356 5.06356 5.06356 5.06356 5.06356 -0.338143 -4.26094 -0.996622 -0.423122 -0.972047 -1.50721 -0.397388 -1.59611 -0.59808 -0.556983 0.364813 -0.0820448 -0.226403 0.626197 0.639581 1.68913 -0.508851 0.370594
N22-N22 -5.63883 5.06356 5.06356 5.06356 5.06356 5.06356 5.06356 5.06356 5.06356 5.06356 5.06356 4.56633 5.06356 2.41857 0.562852 0.902736 0.136805 -0.412468 -1.12263 -0.433334 -0.0511653 0.0543296 0.216533 -0.27384 -0.317852 -0.130981 0.374995 -0.242926 -0.133198 -0.143814
N22-N2X 5.06356 5.06356 5.06356 5.06356 5.06356 5.06356 5.06356 5.06356 5.06356 5.06356 5.06356 -0.540704 0.195142 5.06356 5.06356 1.60711 -0.768264 -1.07876 1.11471 -0.355139 -0.3379 -0.497587 0.247977 -0.195492 -1.09453 0.272647 -0.0777833 0.306817 -0.258936 -0.300102
N22-O31 5.06356 5.06356 5.06356 5.06356 5.06356 5.06356 5.06356 5.06356 5.06356 5.06356 -0.344086 3.36152 0.384845 -1.92201 -0.0827464 1.44604 0.671129 0.0910186 -0.23449 -0.944627 0.120016 0.284306 -0.376964 -0.221731 0.419755 -0.414667 0.133529 -0.539882 0.109675 -0.0957551
N22-O32 5.06356 5.06356 5.06356 5.06356 5.06356 5.06356 5.06356 5.06356 5.06356 5.06356 5.06356 0.76995 2.60569 2.91978 0.68549 0.704542 1.13877 -0.535711 0.464513 0.409522 0.181752 0.371206 -0.350227 0.104157 -0.453787 -0.563689 -0.311576 0.0517576 -0.247631 -0.570525
N22-P 5.06356 5.06356 5.06356 5.06356 5.06356 5.06356 5.06356 5.06356 5.06356 5.06356 5.06356 5.06356 5.06356 5.06356 5.06356 5.06356 2.30013 -0.0274844 1.95472 4.49942 3.70241 -1.37854 3.1177 -1.19537 0.764005 0.866096 -1.42521 -1.9792 -0.629846 -1.0684
N2N-N2N 5.06356 5.06356 5.06356 5.06356 5.06356 5.06356 5.06356 5.06356 5.06356 5.06356 5.06356 5.06356 5.06356 2.00006 5.06356 5.06356 0.743578 -1.6934 -2.22374 -0.75552 -2.94501 0.958354 0.991483 -0.245778 -1.72247 -1.16548 0.644782 0.670575 1.16464 0.840321
N2N-N2X 5.06356 5.06356 5.06356 5.06356 5.06356 5.06356 5.06356 5.06356 5.06356 5.06356 5.06356 5.06356 5.06356 5.06356 5.06356 4.9954 -3.01385 3.75745 0.101726 -1.07228 1.13859 0.719747 -0.776177 -0.784152 -1.74795 0.0610438 -0.200807 -0.559018 0.569293 0.401048
N2N-O2 5.06356 5.06356 5.06356 5.06356 5.06356 5.06356 5.06356 5.06356 5.06356 5.06356 5.06356 5.06356 1.3304 -2.85995 -2.24628 -1.59289 -0.181037 -1.57053 -1.00081 1.13006 -0.715508 -1.10579 -0.765916 0.126502 0.38486 0.0109061 0.734872 1.39441 -0.393752 -0.104824
N2X-N2X -8.08901 5.06356 5.06356 5.06356 5.06356 5.06356 5.06356 5.06356 5.06356 5.06356 5.06356 5.06356 5.06356 5.06356 5.06356 -11.0355 -7.14791 2.97423 -0.51693 -2.69747 4.29612 -0.933925 -2.13081 -2.35673 -0.704272 1.82399 0.427726 2.92284 -0.104261 -0.545478
N2X-O31 5.06356 5.06356 5.06356 5.06356 5.06356 5.06356 5.06356 5.06356 5.06356 5.06356 5.06356 5.06356 -2.03309 -0.247674 5.06356 0.199732 -0.759493 -1.24492 -0.590504 -1.45 0.808769 0.0496053 0.751352 -0.525532 -1.19447 0.056667 0.440074 0.58107 -0.18968 -0.411013
N2X-O32 5.06356 5.06356 5.06356 5.06356 5.06356 5.06356 5.06356 5.06356 5.06356 5.06356 5.06356 -2.05856 -4.54645 5.06356 4.97318 -2.04806 -1.14419 -2.74657 -1.51774 0.471682 -1.37401 -1.40779 -0.451413 0.334542 -0.498824 0.268509 -0.41902 1.4924 -0.296019 -0.0732437
N2X-OC 5.06356 5.06356 5.06356 5.06356 5.06356 5.06356 5.06356 5.06356 5.06356 5.06356 5.06356 5.06356 5.06356 5.06356 3.0775 -7.27821 -3.85649 -2.13933 -1.3308 -2.0079 -0.782842 -1.71372 -1.07646 1.11085 0.512285 -0.130934 0.400612 -1.2214 0.843612 -0.95112
NC-O2 5.06356 5.06356 5.06356 5.06356 5.06356 5.06356 5.06356 5.06356 5.06356 5.06356 5.06356 3.13996 -0.694769 -3.22901 0.0735174 0.844475 0.993054 -0.28185 0.413298 -0.9011 1.08315 -0.192685 -0.334233 -0.834932 0.211423 0.187631 0.0268211 0.401942 -0.878709 0.549931
NC-O31 5.06356 5.06356 5.06356 5.06356 5.06356 5.06356 5.06356 5.06356 5.06356 5.06356 5.06356 -8.17814 -5.37408 -5.72346 -0.159316 3.89236 2.41449 1.63986 -0.971502 -2.04107 -0.151271 1.09034 -1.00895 -0.183862 0.489095 -0.883381 -0.128251 -0.90045 -0.357847 0.627798
NC-OC 5.06356 5.06356 5.06356 5.06356 5.06356 5.06356 5.06356 5.06356 5.06356 5.06356 5.06356 5.06356 1.06899 -1.57199 0.180677 0.796148 0.975944 -1.31242 -1.92524 -1.24565 -0.433471 -0.4303 -0.262536 -1.1298 -0.161911 0.225427 0.0848348 0.636396 0.0476532 -0.0460675
NC-P 5.06356 5.06356 5.06356 5.06356 5.06356 5.06356 5.06356 5.06356 5.06356 5.06356 5.06356 5.06356 5.06356 5.06356 5.06356 0.792756 0.406595 -2.76359 -1.28923 -0.427002 -0.636118 0.315865 0.632388 -0.36374 0.533592 -0.0156309 0.535174 1.12222 -1.2336 -0.485147
O2-O31 5.06356 5.06356 5.06356 5.06356 5.06356 5.06356 5.06356 5.06356 5.06356 5.06356 5.06356 5.06356 1.25499 1.84263 2.16582 3.10795 0.809818 -0.110699 0.164946 -0.54001 -0.0296015 -1.39868 -0.62098 -0.411541 -0.37461 -0.010997 -0.604821 -0.331844 0.408845 -0.602529
O31-O32 5.06356 5.06356 5.06356 5.06356 5.06356 5.06356 5.06356 5.06356 5.06356 5.06356 5.06356 0.622581 -0.426744 0.204442 2.46639 0.729973 0.476607 -0.257535 0.122894 -0.290802 -0.142937 0.19726 0.201485 -0.239836 -0.55807 -0.627411 -0.321265 -0.492626 0.334344 -0.0704405
O31-OC 5.06356 5.06356 5.06356 5.06356 5.06356 5.06356 5.06356 5.06356 5.06356 5.06356 5.06356 1.94564 -1.58458 0.0977215 3.22223 1.21148 -1.06215 -0.566637 0.891488 -0.103019 0.314534 -0.576713 -1.32717 -0.846492 -0.652549 -0.226549 0.389281 0.114066 0.0391522 0.172548
O32-O32 -7.64728 5.06356 5.06356 5.06356 5.06356 5.06356 5.06356 5.06356 5.06356 5.06356 5.06356 5.06356 2.13538 5.06356 2.39251 -0.288568 -2.49281 3.71466 -0.382876 -0.0201547 -0.869347 1.87259 0.55222 0.092219 -0.267832 0.547216 -0.210604 -0.582518 -0.932978 -0.591187
O32-P 5.06356 5.06356 5.06356 5.06356 5.06356 5.06356 5.06356 -3.60116 -6.69868 5.06356 5.06356 5.06356 5.06356 5.06356 5.06356 -7.09415 5.06356 -4.03081 1.97512 -0.873446 2.56181 3.23862 0.887041 -1.30633 -0.892638 -0.646568 -0.277537 -0.0594832 -0.725646 -0.791176
O32-SX 5.06356 5.06356 5.06356 5.06356 5.06356 5.06356 5.06356 5.06356 5.06356 5.06356 5.06356 5.06356 5.06356 5.06356 3.20866 -4.76492 -2.04017 2.4709 -0.710555 -1.2529 2.59353 0.918991 -0.792974 -2.11262 -2.17621 1.4808 -0.105958 1.56686 -0.362856 -0.374716
OC-P 5.06356 5.06356 5.06356 5.06356 5.06356 5.06356 5.06356 5.06356 5.06356 5.06356 5.06356 5.06356 5.06356 5.06356 4.5434 1.31309 0.145724 -0.245004 -0.342209 -0.332701 0.046539 -3.65448 -0.706188 0.596666 -2.68235 2.45371 -2.43863 -2.00136 -2.30828 -2.96462