# radius 10 A, dr 0.2 A, 95 contact types
C.2-C.2 5.06356 5.06356 5.06356 5.06356 5.06356 5.06356 5.06356 5.06356 5.06356 5.06356 5.06356 5.06356 5.06356 5.06356 1.57786 -0.40671 -0.884722 -0.529909 -0.260692 -0.442049 -0.926506 -0.67737 -0.321992 -0.498525 -0.267499 0.168943 0.693902 -0.178859 -0.116715 -0.0381324 -0.0240201 -0.180529 -0.176925 -0.162581 0.0931513 -0.35609 -0.0903409 -0.0666073 -0.252453 0.143097 -0.216407 0.146659 0.0150677 0.0722946 -0.114369 0.303672 0.128184 0.111463 0.263065 0.31729
C.2-C.3 5.06356 5.06356 5.06356 5.06356 5.06356 5.06356 5.06356 5.06356 5.06356 5.06356 5.06356 5.06356 5.06356 3.95957 3.562 2.55538 0.216577 -0.0537662 -0.0972164 -0.615209 -0.411021 -0.561549 -0.395424 -0.277256 0.191855 0.277203 0.571112 0.11303 -0.202099 0.230282 -0.0346443 0.0294553 0.0312425 -0.0582769 -0.0540273 -0.135494 -0.130503 -0.215275 -0.195881 -0.0376846 -0.119759 0.0281991 -0.0497094 -0.122938 0.0278296 -0.0798161 0.028757 0.0044033 -0.105961 -0.0642671
C.2-C.ar 5.06356 5.06356 5.06356 5.06356 5.06356 5.06356 5.06356 5.06356 5.06356 5.06356 5.06356 5.06356 5.06356 5.06356 2.28027 -0.829708 -0.568123 -0.821246 -0.821216 -0.545276 -0.62564 -0.49228 -0.480507 -0.303083 -0.0852889 -0.0486131 -0.124718 0.258096 0.0320604 -0.191886 -0.131005 -0.248527 -0.0360396 -0.133923 -0.158593 -0.26174 -0.242034 -0.249205 -0.190992 0.0531435 0.0701749 -0.0154893 0.0020439 0.310478 0.186977 0.281157 0.259871 0.1834 0.239596 0.136471
C.2-C.cat 5.06356 5.06356 5.06356 5.06356 5.06356 5.06356 5.06356 5.06356 5.06356 5.06356 5.06356 5.06356 5.06356 5.06356 0.960144 -1.1038 -0.259721 -0.574142 -1.855 -0.0866095 -0.0747984 0.323806 0.350159 0.557596 -1.13672 1.37481 0.0367844 0.465795 2.47873 1.77935 0.258611 0.396298 -0.154428 -1.14236 -0.171581 -0.404802 0.187661 -1.20585 -0.103569 -0.381756 -0.948104 0.675017 -0.224196 -0.129306 1.00212 -0.921681 0.346492 0.396078 0.734197 -0.403763
C.2-Ha 5.06356 5.06356 5.06356 5.06356 5.06356 5.06356 5.06356 5.06356 5.06356 5.06356 5.06356 5.06356 5.06356 0.0978089 5.06356 0.373999 -0.157803 -1.46727 0.47458 0.579843 -1.22786 1.06461 0.0569074 -0.143825 -0.283663 0.305357 0.0964358 0.171873 -0.346949 1.40952 -0.433367 0.0375367 0.0596662 0.00479167 -0.0815518 -0.647522 0.0435683 -0.0359108 0.620238 -0.0221652 -0.314017 -0.431828 -0.466459 0.969123 1.01458 0.232232 -0.0310154 -0.0578714 0.246257 -0.360469
C.2-N.2 5.06356 5.06356 5.06356 5.06356 5.06356 5.06356 5.06356 5.06356 5.06356 5.06356 5.06356 5.06356 5.06356 2.05173 2.19434 0.571474 -1.00175 -1.15645 -1.60171 -1.49009 -0.822991 -0.58594 0.14295 -0.174112 -0.610568 -0.436112 -0.0244176 -0.775008 0.771856 -0.196731 0.0304261 0.234289 -0.0162832 -0.099974 -0.209187 -0.338664 -0.433494 -0.117941 -0.0693065 -0.325624 0.217626 0.290681 0.363956 0.619083 0.921871 0.30079 0.728305 -0.23174 0.783449 -0.061664
C.2-N.3 5.06356 5.06356 5.06356 5.06356 5.06356 5.06356 5.06356 5.06356 5.06356 5.06356 5.06356 5.06356 5.06356 5.06356 5.06356 2.05161 -0.382504 -1.10209 -1.84008 -1.14681 -0.177122 -1.21203 -0.860665 -0.770797 0.0794379 -0.608553 -0.162554 0.316018 -0.80976 0.157542 -1.0294 -0.719277 0.0920276 -0.267616 -0.252036 -1.04188 1.63551 0.22863 -0.604167 0.211667 0.0834139 0.354063 0.666986 -0.136967 -0.433761 0.414182 -0.219284 0.71646 1.40271 1.22024
C.2-N.4 5.06356 5.06356 5.06356 5.06356 5.06356 5.06356 5.06356 5.06356 5.06356 5.06356 5.06356 5.06356 5.06356 1.06021 3.42641 -2.58803 -0.815944 -0.167579 -0.0514359 1.54813 -0.159236 0.263356 -0.204858 -0.239775 0.113948 1.00614 0.0981 0.27966 -0.259008 0.0708748 -0.523324 -0.649289 0.145827 -0.224503 -0.271766 0.378311 -0.303175 -0.315366 -0.416781 -0.201057 -0.452566 0.0277241 0.0428204 0.0425667 0.397027 0.657591 0.0817497 0.0668284 -0.140274 -0.190075
C.2-N.am 5.06356 5.06356 5.06356 5.06356 5.06356 5.06356 5.06356 5.06356 5.06356 5.06356 5.06356 5.06356 5.06356 2.40646 2.57179 -0.25105 -0.487437 -1.1615 -1.26178 -1.13113 -0.801416 -0.333972 -0.17299 0.169049 0.825785 -0.242414 -0.322826 -0.705705 0.0841807 -0.0422377 0.0687042 0.261467 0.168613 0.125829 -0.393762 -0.202565 -0.241986 -0.364286 -0.304364 -0.0948517 0.2025 -0.240556 0.140596 -0.213051 0.628796 0.224805 0.0668084 0.263963 0.747401 0.503098
C.2-N.ar 5.06356 5.06356 5.06356 5.06356 5.06356 5.06356 5.06356 5.06356 5.06356 5.06356 5.06356 5.06356 5.06356 5.06356 5.06356 -0.274258 0.316383 -0.693453 -0.598021 -0.824554 -0.770524 -0.503834 -0.281858 -0.231732 -0.266499 -0.489282 -0.182984 -0.219096 -0.186445 0.0574745 0.187856 0.291208 -0.0827242 -0.0130883 -0.307148 -0.320836 -0.37589 -0.264784 -0.296475 -0.0120137 -0.168118 0.142162 0.0744201 0.248702 0.107287 0.127511 0.27925 0.410849 0.416772 0.347551
C.2-N.pl3 5.06356 5.06356 5.06356 5.06356 5.06356 5.06356 5.06356 5.06356 5.06356 5.06356 5.06356 5.06356 5.06356 0.19121 0.0404649 -0.740971 -0.918043 -0.541372 -1.21547 -0.728339 -0.677502 -0.396188 -0.442602 -0.365802 -0.598118 -0.142097 -0.18073 0.177484 0.0722997 -0.605326 -0.118212 -0.18205 0.141607 -0.0612618 -0.284055 -0.085591 -0.18127 -0.0718334 -0.31979 0.100054 0.054951 0.0996872 -0.0512607 0.39992 0.439927 0.378923 0.357028 0.454353 0.154958 0.162137
C.2-O.2 5.06356 5.06356 5.06356 5.06356 5.06356 5.06356 5.06356 5.06356 5.06356 5.06356 5.06356 5.06356 1.1521 2.11421 3.00286 -0.547085 0.0337596 -0.455011 -0.823689 -0.42658 -0.385008 0.425892 0.0381953 0.366069 -0.53569 -0.81247 -0.227731 -0.0362786 -0.00858337 -0.0193199 -0.633076 0.0485838 0.782874 0.0849071 -0.0329237 -0.343923 -0.171861 -0.362806 -0.0981183 -0.130626 0.144891 -0.0456124 -0.0949198 0.2738 0.569734 -0.124184 0.187898 0.18719 0.0391924 -0.0328588
C.2-O.3 5.06356 5.06356 5.06356 5.06356 5.06356 5.06356 5.06356 5.06356 5.06356 5.06356 5.06356 5.06356 3.75244 4.05063 0.37715 -0.10449 -0.235255 0.760814 0.308095 0.392199 0.71109 1.03398 0.400199 0.117802 0.21809 -0.0377715 -0.234596 0.12603 0.151751 0.0830593 0.361544 0.315854 0.27093 0.132482 0.118254 -0.160967 -0.469596 -0.312009 -0.196362 -0.166276 -0.305012 0.058133 -0.111998 0.0219708 -0.102374 -0.00328136 -0.14148 -0.170707 -0.090379 -0.124328
C.2-O.co2 5.06356 5.06356 5.06356 5.06356 5.06356 5.06356 5.06356 5.06356 5.06356 5.06356 5.06356 5.06356 5.06356 2.94224 2.39195 -0.707595 -0.140571 -0.491237 -0.162525 -0.650818 -0.127145 0.400062 0.373882 0.561571 0.454818 -0.280242 -0.543109 -0.0539005 -0.0407695 0.365576 -0.445822 0.0062613 0.191786 0.163886 -0.0684197 0.269445 -0.222728 0.0345191 0.0960545 -0.0486958 -0.326179 -0.114514 -0.116902 0.174529 -0.00155911 -0.1789 0.172011 -0.0723017 -0.0708952 -0.0805958
C.2-P.3 5.06356 5.06356 5.06356 5.06356 5.06356 5.06356 5.06356 5.06356 5.06356 5.06356 5.06356 5.06356 5.06356 5.06356 5.06356 2.76153 0.85963 2.38353 2.51553 0.3543 0.628522 -0.265974 -0.621647 -0.0742358 -0.0195882 -0.881665 0.072866 1.31998 0.792284 -0.229451 0.0171757 0.435119 -0.131022 -0.200885 -0.380603 -0.685324 -0.0148527 -0.554584 0.222601 0.521932 0.413013 -0.142474 0.240572 -0.24638 0.094072 -0.511834 -0.153087 -0.410065 0.00255528 0.0958239
C.2-S.3 5.06356 5.06356 5.06356 5.06356 5.06356 5.06356 5.06356 5.06356 5.06356 5.06356 5.06356 5.06356 5.06356 5.06356 -0.140068 5.06356 5.06356 0.235912 -0.0427072 5.06356 2.82695 -1.01541 -1.2907 -0.976943 1.56073 -0.783862 -0.496443 -0.107315 -0.790935 -0.197888 -0.630672 1.06751 -0.378615 -0.445588 -0.0825653 -0.1779 0.0860926 0.160404 0.105609 0.0946373 0.62 0.364186 0.0323865 -0.358477 -0.247873 0.498081 -0.0886329 0.114869 0.346764 -0.0124712
C.3-C.3 5.06356 5.06356 5.06356 5.06356 5.06356 5.06356 5.06356 5.06356 5.06356 5.06356 5.06356 5.06356 5.06356 5.06356 3.75198 3.6689 -0.23884 -0.360295 0.872917 0.411935 0.285177 0.08951 -0.304477 -0.211427 -0.366951 0.310271 -0.0689607 -0.190541 -0.0198154 0.219818 -0.330866 0.131862 -0.015739 -0.105787 -0.118699 -0.092642 -0.144624 0.130663 -0.034162 -0.155319 -0.13577 -0.386311 -0.207404 -0.126684 -0.0817261 -0.154929 -0.0823681 -0.114051 -0.255572 -0.148382
C.3-C.ar 5.06356 5.06356 5.06356 5.06356 5.06356 5.06356 5.06356 5.06356 5.06356 5.06356 5.06356 5.06356 5.06356 5.06356 4.04437 2.33426 0.735963 0.364618 -0.313706 -0.163435 -0.618083 -1.14227 -0.447932 -0.261474 -0.245931 -0.308692 -0.211677 0.125906 0.15286 0.0698594 0.115212 -0.123429 0.23894 0.084344 0.199084 0.0242728 -0.0184672 -0.114111 -0.0566275 -0.0686591 -0.0723483 -0.170609 -0.00778283 -0.0890971 -0.143241 -0.0207331 -0.0458842 0.0487682 -0.0484581 -0.0605648
C.3-C.cat 5.06356 5.06356 5.06356 5.06356 5.06356 5.06356 5.06356 5.06356 5.06356 5.06356 5.06356 5.06356 5.06356 5.06356 2.40461 0.747043 0.135675 -0.0551796 1.36833 2.03749 -1.52648 -1.86044 -0.407269 1.28654 0.236581 -1.57723 -0.281766 -0.0952394 -0.935188 -0.179558 0.0662873 0.286483 0.478997 1.51924 0.452978 0.668799 0.476742 0.264168 0.454613 0.694997 -0.856311 -0.628661 -0.15012 0.716776 0.332373 -1.78028 0.315333 -0.700511 0.355167 -0.117019
C.3-Ha 5.06356 5.06356 5.06356 5.06356 5.06356 5.06356 5.06356 5.06356 5.06356 5.06356 5.06356 5.06356 5.06356 5.06356 0.604218 5.06356 -0.236061 0.99105 -0.295028 0.0979124 -0.207504 -0.440598 0.670589 0.471605 1.36372 -0.264103 1.17738 -0.181072 -0.767817 0.446629 0.107819 -0.146629 0.11729 0.733253 -0.108734 -0.052998 -0.00821676 0.278571 -0.621149 -0.682287 -0.0529634 0.35992 -0.390778 0.2314 0.0607749 0.0691183 -0.324397 -0.246206 0.884465 -0.376915
C.3-N.2 5.06356 5.06356 5.06356 5.06356 5.06356 5.06356 5.06356 5.06356 5.06356 5.06356 5.06356 5.06356 5.06356 5.06356 2.4321 0.814779 2.24469 0.587695 0.253853 -0.559815 1.13606 -0.605389 -0.831383 -0.929893 -0.492176 0.208007 0.388525 0.0652383 -0.0583198 -0.010813 0.14213 -0.340905 -0.273538 -0.154503 -0.497298 0.133571 0.0815767 -0.353174 0.137125 -0.164047 -0.0742039 -0.0174401 0.198732 -0.0288422 -0.140547 0.15207 0.0865322 -0.202289 -0.236319 -0.233748
C.3-N.3 5.06356 5.06356 5.06356 5.06356 5.06356 5.06356 5.06356 5.06356 5.06356 5.06356 5.06356 5.06356 5.06356 5.06356 5.06356 2.05161 0.124242 -1.38487 5.06356 5.06356 -0.932911 -1.80455 1.5093 5.06356 1.82534 0.913024 1.22 -0.340038 -1.80188 0.205638 0.147018 0.865816 -1.02403 0.073632 0.927124 -0.279187 -0.469984 0.444815 -0.495075 -0.921874 -0.862721 -0.452458 0.29059 0.213381 0.0956705 -0.444938 0.0964166 0.704666 7.98068e-05 -0.222045
C.3-N.4 5.06356 5.06356 5.06356 5.06356 5.06356 5.06356 5.06356 5.06356 5.06356 5.06356 5.06356 5.06356 5.06356 -4.25087 5.06356 0.08547 1.82869 1.18043 2.9815 0.160029 0.980669 0.515918 0.513722 -0.0399526 0.522652 -0.331437 0.1208 0.794205 -0.257638 -0.0782471 -0.117583 0.0730458 0.219556 0.00585454 -0.168659 0.141062 0.0688053 -0.137498 0.0403397 0.190833 -0.108436 -0.267671 -0.754408 -0.0430143 -0.168463 0.412583 -0.341262 -0.265738 -0.352396 -0.435047
C.3-N.am 5.06356 5.06356 5.06356 5.06356 5.06356 5.06356 5.06356 5.06356 5.06356 5.06356 5.06356 5.06356 5.06356 5.06356 2.35396 2.02887 -1.20536 0.824881 0.89715 -0.606533 -0.890101 -1.03931 -0.8564 -0.783699 -0.80577 -1.03318 -0.599123 -0.362581 0.145946 -0.159997 -0.0471025 0.285248 0.428759 0.193042 -0.367002 -0.180507 0.356919 -0.0963796 0.143095 0.196376 -0.207071 -0.0925694 -0.117072 -0.158904 -0.102269 -0.23257 0.205229 -0.0419867 0.146794 -0.132529
C.3-N.ar 5.06356 5.06356 5.06356 5.06356 5.06356 5.06356 5.06356 5.06356 5.06356 5.06356 5.06356 5.06356 4.36161 3.16154 0.770162 -0.0432368 -0.212746 0.104672 -0.361988 0.167106 -0.249501 -0.553124 -0.148606 -0.438288 -0.202935 0.0654287 -0.235497 0.183298 -0.03628 0.163809 -0.0223601 0.160924 0.113811 0.230358 -0.161464 -0.188821 0.0257455 0.0648429 -0.141178 -0.0406229 -0.303536 -0.216117 -0.0912841 -0.148972 -0.061852 0.0324524 -0.105195 0.0566542 0.0375493 0.179991
C.3-N.pl3 5.06356 5.06356 5.06356 5.06356 5.06356 5.06356 5.06356 5.06356 5.06356 5.06356 5.06356 5.06356 5.06356 4.70196 -3.10768 0.0924175 0.698825 0.80989 0.700722 0.434065 0.0195185 0.142658 0.0736025 -0.279089 0.153269 0.0469322 0.248286 -0.142702 0.00424326 -0.43103 -0.155725 -0.322898 -0.428279 0.0653469 0.0036541 -0.22544 -0.245382 -0.339134 -0.289775 -0.178528 0.0145306 0.0329047 0.0638822 0.207055 -0.116427 -0.0665793 0.237986 -0.128853 0.0207909 0.247645
C.3-O.2 5.06356 5.06356 5.06356 5.06356 5.06356 5.06356 5.06356 5.06356 5.06356 5.06356 5.06356 5.06356 -0.201727 0.768072 -2.43574 -1.17365 -1.30233 -0.229127 -0.386722 -0.240672 0.131814 0.0328162 0.474877 -0.230984 -0.300935 0.0951544 -0.269174 0.493828 0.120409 0.616196 0.00178196 0.333985 0.397054 -0.128822 -0.0207101 -0.0738713 -0.467614 -0.131515 -0.0863852 -0.0996481 -0.0442294 -0.0978731 -0.365228 0.0804993 -0.109996 0.0709746 -0.0404678 0.167767 0.217331 -0.00998795
C.3-O.3 5.06356 5.06356 5.06356 5.06356 5.06356 5.06356 5.06356 5.06356 5.06356 5.06356 5.06356 5.06356 1.24525 2.15809 -0.145805 -1.2755 -0.614018 0.0536286 0.654869 0.351184 0.353535 -0.01725 -0.271796 -0.156085 0.0660499 -0.0893104 -0.414987 0.106735 0.0995331 -0.210838 -0.0835468 -0.146909 0.316518 -0.0590385 -0.0174085 -0.0737427 -0.256505 -0.122031 -0.0881871 -0.18787 -0.0821908 -0.0458234 -0.00664083 0.0873449 -0.16274 -0.19201 -0.174408 -0.0467069 -0.192623 -0.230448
C.3-O.co2 5.06356 5.06356 5.06356 5.06356 5.06356 5.06356 5.06356 5.06356 5.06356 5.06356 5.06356 5.06356 5.06356 3.33899 -1.41118 -2.1013 -0.626738 -1.08319 -0.86693 -0.605139 -0.311878 -0.920377 -0.160034 -0.401012 0.0192025 -0.586209 -0.60882 -0.150352 0.0335619 0.124852 -0.176844 0.281391 -0.133448 -0.0425826 -0.211324 0.184782 -0.0407519 -0.126564 -0.0821432 -0.0231915 0.11987 0.213414 -0.0304066 0.0691655 0.139931 -0.151856 -0.019668 0.0798852 -0.0356211 0.168014
C.3-P.3 5.06356 5.06356 5.06356 5.06356 5.06356 5.06356 5.06356 5.06356 5.06356 5.06356 5.06356 5.06356 5.06356 2.64141 5.06356 5.06356 3.73566 3.33376 -3.14128 -1.53872 -2.5523 -1.57629 -1.20419 -0.918044 -0.85171 0.1653 -0.202663 -0.711713 -0.291412 -0.305719 0.0765859 0.21372 -0.168379 -0.445912 -0.582529 -0.265201 0.0960785 0.0593288 0.312171 0.0878286 -0.180136 0.146933 -0.0278165 0.230653 -0.129752 0.148724 -0.0540304 0.114294 0.185433 0.0137247
C.3-S.2 5.06356 5.06356 5.06356 5.06356 5.06356 5.06356 5.06356 5.06356 5.06356 5.06356 5.06356 5.06356 5.06356 5.06356 5.06356 0.0448629 -5.41736 5.06356 5.06356 -0.0937525 0.699842 0.794743 -0.465838 -0.531625 5.06356 5.06356 0.234744 -0.532611 -1.8766 2.23972 0.728932 1.55852 -0.805582 -0.21878 -0.418705 0.833178 -0.680156 0.837 -0.733685 -0.196763 -1.24725 0.320553 -0.560828 -0.41689 1.31896 -0.676723 -0.0711001 0.265928 -0.708276 0.9922
C.3-S.3 5.06356 5.06356 5.06356 5.06356 5.06356 5.06356 5.06356 5.06356 5.06356 5.06356 5.06356 5.06356 5.06356 5.06356 5.06356 2.00048 0.517668 -0.0298093 -0.0539249 -0.83876 0.500314 -0.570175 1.31657 0.537041 1.27469 -0.0300725 -1.40536 0.453986 0.6319 0.790787 -0.36363 -0.874156 -0.0956274 -0.0610073 0.464369 -0.0118262 -0.361037 -0.220901 0.449055 -0.115156 0.248485 0.451396 -0.402476 -0.361095 0.405242 -0.529456 -0.153023 0.273594 0.17821 -0.466177
C.ar-C.ar 5.06356 5.06356 5.06356 5.06356 5.06356 5.06356 5.06356 5.06356 5.06356 5.06356 5.06356 5.06356 5.06356 3.44771 -1.071 -0.192787 -0.713367 -1.16856 -1.03914 -0.935443 -0.822236 -0.671182 -0.652616 -0.273808 -0.398585 -0.0659211 0.36502 0.47933 0.236557 0.355361 0.27148 0.0909182 0.00683916 -0.0818262 -0.0639907 -0.0550888 -0.0439908 -0.0312003 -0.0955186 -0.271331 0.145471 0.0931031 0.103958 0.227491 -0.0181021 0.116783 0.0472973 0.147457 0.224611 -0.0234317
C.ar-C.cat 5.06356 5.06356 5.06356 5.06356 5.06356 5.06356 5.06356 5.06356 5.06356 5.06356 5.06356 5.06356 5.06356 5.06356 2.40461 0.747043 -2.98435 -1.97612 -1.17292 -1.30339 0.0948415 0.27845 -1.3037 0.580319 -0.152242 -0.0164751 1.96519 0.847547 -0.930484 -0.239602 0.326597 -0.473757 0.033856 -0.993816 0.0796636 1.35573 -0.529468 0.211345 -0.139542 0.728721 0.00536798 0.359557 2.05688 -2.4674 -0.11935 0.133188 0.967826 -0.532351 -0.781657 -0.540133
C.ar-Ha 5.06356 5.06356 5.06356 5.06356 5.06356 5.06356 5.06356 5.06356 5.06356 5.06356 5.06356 5.06356 5.06356 5.06356 -1.73239 -0.0949785 -1.39709 -1.13327 0.25878 -1.04287 -1.05578 -1.02995 -0.489242 -0.179142 -0.58643 -0.0803424 -0.121209 -0.452599 -0.396919 1.19188 0.277722 0.340385 -0.236993 -0.35232 -0.400434 -0.902659 0.103055 0.324242 -0.801363 -0.0961527 0.706425 -0.169956 0.414667 0.536531 0.114125 0.807257 0.754352 0.846808 0.78689 0.0635462
C.ar-N.2 5.06356 5.06356 5.06356 5.06356 5.06356 5.06356 5.06356 5.06356 5.06356 5.06356 5.06356 5.06356 5.06356 2.23435 2.0527 -2.27735 -0.846485 -1.05627 -0.672766 -0.877443 -1.01011 -0.293351 -0.687494 -0.201037 0.0182635 -0.41521 -0.0979383 -0.110577 0.518159 0.236788 -0.0343392 0.252982 -0.0400219 -0.287854 -0.206627 -0.369187 -0.220372 0.112163 -0.298796 0.487241 0.0809496 0.0272917 -0.019275 -0.110402 0.0113652 0.40552 0.278816 -0.152978 0.482454 -0.0393268
C.ar-N.3 5.06356 5.06356 5.06356 5.06356 5.06356 5.06356 5.06356 5.06356 5.06356 5.06356 5.06356 5.06356 5.06356 5.06356 5.06356 2.05161 0.124242 -1.80982 -0.223229 0.287473 -0.980501 -2.66946 5.06356 0.66066 -0.301759 -0.568895 -0.476088 -1.77563 -0.307014 0.0963027 0.928528 0.890305 -0.232268 -0.569522 -0.632769 -0.648739 -1.0185 -0.552406 -0.267086 2.55238 0.414988 0.442092 -0.0650236 -0.576984 -0.121764 -0.0744773 0.294025 0.983062 0.817265 0.905116
C.ar-N.4 5.06356 5.06356 5.06356 5.06356 5.06356 5.06356 5.06356 5.06356 5.06356 5.06356 5.06356 5.06356 5.06356 5.06356 1.71791 -0.482371 -2.24662 -0.26221 -0.318125 0.274966 -0.289933 -0.964042 0.216788 -0.514763 -0.0806503 -0.569462 -0.685453 0.318079 -0.394896 -0.209803 -0.0247861 0.122594 0.227474 0.279862 -0.212536 0.546508 0.265832 0.0553393 0.197615 0.401991 -0.612214 -0.524164 0.237161 0.181268 -0.133102 0.111191 -0.454132 -0.203828 0.0419602 0.379045
C.ar-N.am 5.06356 5.06356 5.06356 5.06356 5.06356 5.06356 5.06356 5.06356 5.06356 5.06356 5.06356 5.06356 5.06356 3.4093 2.43709 0.283318 -0.338509 -1.03991 -0.828971 -0.897347 -0.785578 -0.639844 -0.575414 -0.423805 -0.434951 -0.0970469 -0.169488 -0.161298 -0.0589607 0.149536 0.286289 0.135829 -0.109732 -0.139769 -0.175104 -0.248037 -0.513731 -0.161903 -0.127717 -0.135101 0.00437481 0.023935 0.180014 -0.0553639 0.357866 0.213494 0.634648 0.288529 0.536855 0.155571
C.ar-N.ar 5.06356 5.06356 5.06356 5.06356 5.06356 5.06356 5.06356 5.06356 5.06356 5.06356 5.06356 5.06356 5.06356 2.83691 0.688053 -0.048218 -0.603275 -0.891713 -0.751685 -0.998034 -0.777528 -0.631834 -0.367686 -0.235476 -0.303623 -0.170093 0.111179 -0.0841294 0.0668813 0.237128 0.141893 0.365198 0.0070383 -0.0493838 -0.196405 -0.0556987 -0.251128 -0.14014 -0.0805661 0.0737871 -0.0154284 0.0467311 -0.0252285 0.154778 0.0428683 0.108297 0.154473 0.170424 0.169825 0.25753
C.ar-N.pl3 5.06356 5.06356 5.06356 5.06356 5.06356 5.06356 5.06356 5.06356 5.06356 5.06356 5.06356 5.06356 5.06356 1.42531 0.628094 -1.0615 -1.06808 -0.490907 -0.313312 -0.403484 -0.811872 -0.575061 -0.328948 0.0539507 -0.425488 -0.535768 -0.287298 -0.101455 -0.170933 -0.0600326 0.16166 -0.242636 -0.122274 -0.263927 -0.251953 -0.481154 -0.212569 -0.208883 -0.264583 0.160868 -0.0692216 0.153034 -0.0432327 0.496635 0.332763 0.413414 0.177978 0.176421 0.310045 0.301209
C.ar-O.2 5.06356 5.06356 5.06356 5.06356 5.06356 5.06356 5.06356 5.06356 5.06356 5.06356 5.06356 5.06356 3.38914 -1.20629 -0.519661 -0.380639 -0.477193 -0.436698 -0.385682 -0.572756 -0.833014 -0.655236 -0.512462 -0.184124 -0.6478 -0.247081 -0.330083 -0.053577 0.0933193 -0.148616 -0.105239 -0.0326486 -0.21089 -0.207507 -0.164609 -0.100305 -0.355458 -0.272085 -0.184919 0.0483361 -0.0652297 0.137589 0.234197 0.215565 0.508219 0.215647 0.257053 0.34364 0.51956 0.111991
C.ar-O.3 5.06356 5.06356 5.06356 5.06356 5.06356 5.06356 5.06356 5.06356 5.06356 5.06356 5.06356 5.06356 1.91625 3.92256 -0.477766 0.200703 -0.668154 0.145946 -0.466288 -0.222893 0.743815 -0.00424812 0.226637 0.148609 -0.268619 0.0407327 0.10427 0.160257 0.117615 0.101781 0.158394 0.406261 0.0766568 0.119918 0.0523114 -0.108183 -0.0749581 -0.289168 -0.317468 -0.200059 0.0340404 -0.0299963 -0.16413 0.0749674 -0.103785 -0.0344428 0.114774 -0.114708 -0.0741861 -0.242238
C.ar-O.co2 5.06356 5.06356 5.06356 5.06356 5.06356 5.06356 5.06356 5.06356 5.06356 5.06356 5.06356 5.06356 5.06356 4.0384 2.15826 -1.15194 -0.943221 -1.1236 0.861815 1.58904 1.37803 1.25202 0.584935 0.212539 0.748791 0.305226 0.365949 0.18819 -0.209204 0.250208 0.0916096 -0.285577 0.231536 0.0428543 0.00605469 0.191836 -0.442206 -0.275591 -0.251899 -0.274131 -0.156148 0.0300918 0.0897554 -0.227574 -0.0212849 -0.326821 -0.128132 -0.0968614 -0.148073 -0.141099
C.ar-P.3 5.06356 5.06356 5.06356 5.06356 5.06356 5.06356 5.06356 5.06356 5.06356 5.06356 5.06356 5.06356 5.06356 5.06356 5.06356 2.76153 0.85963 3.24236 5.06356 -1.86205 1.73898 -0.0177752 0.289265 0.847576 1.3282 0.533871 0.540075 0.641215 -0.306841 0.187788 -0.435009 0.30417 -0.0160391 -0.352861 -0.417638 0.138757 0.121384 -0.289481 -0.0581022 -0.354869 -0.175738 0.121908 -0.0774494 -0.490245 -0.540672 -0.102075 -0.201452 -0.0282517 -0.129322 -0.0824505
C.ar-S.3 5.06356 5.06356 5.06356 5.06356 5.06356 5.06356 5.06356 5.06356 5.06356 5.06356 5.06356 5.06356 5.06356 5.06356 5.06356 2.00048 0.665041 -0.499819 0.307454 -1.01552 0.0014056 -0.20413 -0.98733 -0.210652 0.0586699 -0.0101166 -1.15694 -0.887748 0.477055 0.741679 -1.10562 -0.115347 0.173262 1.07523 0.140291 -0.391194 -0.290716 -0.428544 0.40981 -0.445268 0.210106 0.0838262 -0.257397 -0.427856 0.177724 0.356671 0.726 0.122189 -0.117613 0.25395
C.cat-N.ar 5.06356 5.06356 5.06356 5.06356 5.06356 5.06356 5.06356 5.06356 5.06356 5.06356 5.06356 5.06356 5.06356 5.06356 -0.0100074 -0.569569 5.06356 -0.767526 -1.02476 -2.08286 -0.658137 -0.446114 -0.474574 -2.12505 0.976178 1.12292 2.08509 -0.274393 -0.980387 0.704283 -0.386234 1.20518 0.284367 0.504886 0.45097 1.79025 -0.355231 -0.166664 1.15888 -0.273443 -0.938309 -0.621323 -0.17196 -0.193238 -3.25135 -0.280479 0.759514 2.39797 -0.151571 -1.41894
C.cat-O.3 5.06356 5.06356 5.06356 5.06356 5.06356 5.06356 5.06356 5.06356 5.06356 5.06356 5.06356 5.06356 5.06356 4.0384 1.16338 0.174082 0.272845 5.06356 5.06356 -1.79329 -1.89974 -0.173244 -1.3715 0.077287 -0.733648 -2.33588 0.141057 -0.491226 1.23941 0.271904 1.0765 0.567295 0.265347 0.614971 -0.0278563 1.54461 -0.291975 0.670363 0.541186 -0.638754 0.419968 0.646821 -0.736076 0.256516 -0.536709 0.224887 -0.731078 0.103915 -0.825264 -0.367668
Ha-O.3 5.06356 5.06356 5.06356 5.06356 5.06356 5.06356 5.06356 5.06356 5.06356 5.06356 5.06356 5.06356 5.06356 5.06356 0.333972 -0.631307 5.06356 0.71064 0.127917 2.13809 0.736434 -0.552316 1.21286 -0.128038 5.06356 -0.819616 -0.0697418 -0.599918 -0.334455 0.0802163 0.635675 -0.0601767 0.0194963 0.401223 -0.0327613 0.0676293 -0.0570213 -0.237594 0.44442 0.236132 -0.183487 0.029259 -0.271339 0.319487 0.0835935 -0.239411 -0.408467 -0.480115 0.184758 -0.391767
N.2-N.4 5.06356 5.06356 5.06356 5.06356 5.06356 5.06356 5.06356 5.06356 5.06356 5.06356 5.06356 5.06356 5.06356 5.06356 2.04972 2.38339 -1.29806 -0.295251 0.772296 5.06356 0.61315 -0.0406209 3.70115 -0.586561 0.718391 0.521379 1.00666 1.29631 0.40528 1.34561 -0.882799 -0.144225 -0.108254 0.29209 0.0627313 0.390176 -1.39817 -0.0532305 0.197508 -0.101577 -0.296238 -1.44198 -0.909015 -0.615024 -0.228759 -0.74777 0.171185 -0.142461 0.720599 1.65737
N.2-N.am 5.06356 5.06356 5.06356 5.06356 5.06356 5.06356 5.06356 5.06356 5.06356 5.06356 5.06356 5.06356 5.06356 -1.15727 -1.46615 0.418739 -1.37351 -1.66036 -1.56361 -1.06902 -0.754038 -1.11802 1.02718 -0.298562 -0.425531 -0.325983 0.159192 1.54666 -0.555485 0.637538 1.40771 0.285889 -0.60656 -0.805909 -1.11694 -0.831727 -0.702226 -0.496269 0.448051 -0.472338 1.03342 0.287766 0.698607 1.23516 0.34176 1.56247 0.510916 0.998273 0.722471 0.342609
N.2-N.ar 5.06356 5.06356 5.06356 5.06356 5.06356 5.06356 5.06356 5.06356 5.06356 5.06356 5.06356 5.06356 5.06356 5.06356 1.43796 1.48985 -0.19792 -0.865924 -1.04426 -0.916272 -0.515467 -0.325607 -0.629063 -0.19378 -0.6223 -0.213347 0.124161 -0.263832 -0.386595 0.176397 -0.183723 -0.240971 0.0681976 -0.140066 -0.550532 -0.475447 -0.337523 0.266546 -0.114829 -0.207578 -0.23012 -0.0483024 -0.110476 0.455695 0.3343 0.507362 0.388295 0.410562 0.442831 0.499493
N.2-N.pl3 5.06356 5.06356 5.06356 5.06356 5.06356 5.06356 5.06356 5.06356 5.06356 5.06356 5.06356 5.06356 5.06356 0.614886 -0.574886 -0.683967 -0.952276 -1.45721 -1.38844 -0.819845 -0.625982 -0.404778 -0.691792 -0.874339 -0.676034 0.471982 -0.146172 -0.00725917 -0.666251 -0.0440215 0.630977 -0.138863 -0.399425 -0.161904 0.125215 -0.364725 -0.188161 -0.325148 -0.0268429 -0.0645641 -0.0139656 0.246679 0.569002 0.620698 0.164918 0.215247 0.503313 0.372946 -0.107609 0.906947
N.2-O.2 5.06356 5.06356 5.06356 5.06356 5.06356 5.06356 5.06356 5.06356 5.06356 5.06356 5.06356 5.06356 5.06356 1.08305 1.22591 5.06356 -0.753306 -1.35089 -1.53991 -0.173536 0.419758 -0.061095 -1.22554 -0.850286 -0.9969 -1.15314 0.328829 0.29503 0.369923 -0.269524 1.19118 1.17386 0.192587 0.535403 0.11487 0.153257 -0.627467 0.0482667 0.143601 -0.141845 1.34177 0.352556 0.144278 -0.766367 0.0265204 0.0827131 -0.29877 0.00786621 0.0427763 0.307975
N.2-O.3 5.06356 5.06356 5.06356 5.06356 5.06356 5.06356 5.06356 5.06356 5.06356 5.06356 1.57862 1.76044 5.06356 -0.822485 4.31733 1.78325 0.429235 0.320256 -0.393521 -1.04234 -0.160869 -0.67176 -1.01747 -0.364438 -0.726691 0.0287102 0.54695 -0.207696 -0.277509 -0.00119906 -0.397922 0.957124 -0.0578374 0.420304 -0.142546 -0.403672 -0.650514 -0.321842 -0.828033 -0.358682 0.474374 0.311898 -0.222465 -0.124297 -0.407726 0.300595 0.372364 0.867032 -0.107627 -0.144313
N.2-O.co2 5.06356 5.06356 5.06356 5.06356 5.06356 5.06356 5.06356 5.06356 5.06356 5.06356 5.06356 5.06356 5.06356 5.06356 3.0775 1.82356 -0.413109 0.807754 -0.608016 -1.14486 -1.21908 0.430839 -0.107102 -0.26419 -0.189098 -0.495208 -0.559604 -0.846752 -0.931133 0.211962 0.0496208 -0.698138 0.00287222 0.379377 0.42716 0.66164 1.00977 0.209872 -0.47355 0.345517 0.454096 0.395187 0.759706 0.338367 0.384562 -0.441548 -0.658529 -0.0280557 -0.589949 -0.400698
N.2-P.3 5.06356 5.06356 5.06356 5.06356 5.06356 5.06356 5.06356 5.06356 5.06356 5.06356 5.06356 5.06356 5.06356 5.06356 5.06356 5.06356 2.30013 -0.0274844 1.07416 5.06356 5.06356 0.0860329 0.786836 1.56086 0.165571 1.6861 1.84166 -0.847745 -0.398319 0.586928 -0.488592 1.67936 0.689343 0.76932 2.53808 2.81589 -0.11728 0.0569252 0.854268 0.862056 -0.215394 0.11113 0.298386 0.0999619 -0.602912 -0.679749 -0.34395 -0.617574 -0.637803 -0.873965
N.3-N.ar 5.06356 5.06356 5.06356 5.06356 5.06356 5.06356 5.06356 5.06356 5.06356 5.06356 5.06356 5.06356 5.06356 -0.751782 5.06356 5.06356 5.06356 0.375763 0.571312 0.0672306 -0.608283 0.17737 0.308479 -0.995606 -0.124387 -1.09108 -0.19206 -0.639455 -0.737119 0.27351 -0.12353 0.235139 -0.281223 -1.16657 -0.440041 -0.87781 -0.72058 1.10892 0.188397 0.353364 -0.466697 0.0683003 -0.127784 0.190735 -0.102242 -0.251082 0.0430634 1.4293 0.746947 0.411867
N.3-O.3 5.06356 5.06356 5.06356 5.06356 5.06356 5.06356 5.06356 5.06356 5.06356 5.06356 5.06356 5.06356 5.06356 5.06356 3.0775 0.0392578 -0.856938 0.699303 0.811915 0.575056 -2.09939 0.770313 5.06356 1.28882 -0.877301 -0.589439 -0.117033 1.31206 5.06356 -0.149722 5.06356 0.357129 -1.34553 -0.239526 -1.60911 -0.495289 -0.453078 0.663699 -0.678945 -0.61789 -0.520108 -0.0817865 -0.691812 1.33962 0.218829 -0.13083 -0.000326829 0.348428 -0.430807 -0.0816986
N.4-N.am 5.06356 5.06356 5.06356 5.06356 5.06356 5.06356 5.06356 5.06356 5.06356 5.06356 5.06356 5.06356 5.06356 1.59046 1.7333 5.06356 1.92917 -3.02172 -1.26691 2.74321 -0.566382 -0.898643 0.293299 -0.512346 -0.91687 1.51636 0.108296 -0.865431 -0.271753 -1.09421 0.0616677 0.390613 0.493647 0.354305 -0.058429 -0.246114 0.19952 -1.29892 -0.342729 -0.151163 0.0715367 0.300642 0.736955 0.581775 -0.272082 -0.0240446 -0.45786 0.288559 0.219342 -0.287338
N.4-N.ar 5.06356 5.06356 5.06356 5.06356 5.06356 5.06356 5.06356 5.06356 5.06356 5.06356 5.06356 0.77943 0.485638 -3.92119 -0.972024 0.816772 4.17494 -0.305763 -1.41585 0.732199 -0.203658 0.388244 -0.432655 0.41322 -0.709929 -0.498817 -0.142913 -0.49877 -0.0674995 0.260938 0.497948 0.596815 1.46428 0.0750883 0.0818213 -0.544943 -0.737508 -0.46442 0.483578 0.0203547 0.427679 0.118571 -0.481233 0.316663 -0.744178 0.403999 0.00674132 -0.00849991 0.195586 -0.277913
N.4-N.pl3 5.06356 5.06356 5.06356 5.06356 5.06356 5.06356 5.06356 5.06356 5.06356 5.06356 5.06356 5.06356 5.06356 5.06356 0.628209 -2.36188 3.73941 1.33942 0.88205 -0.391628 -0.0974197 -0.70444 0.959772 0.258169 0.391447 0.350703 1.89325 0.194576 -1.20217 -0.219292 -0.781933 0.301282 -0.557107 -0.0540805 0.294307 -0.566925 -0.620281 -0.733385 -0.819228 -0.871828 0.35475 -0.13701 0.794639 -0.803275 0.0902786 0.197001 0.489319 0.627678 0.313306 0.381304
N.4-O.2 5.06356 5.06356 5.06356 5.06356 5.06356 5.06356 5.06356 5.06356 5.06356 5.06356 5.06356 1.59905 -0.870414 -3.4236 0.208574 1.08387 -0.428646 -1.8806 0.716984 -1.70798 1.24568 -0.142428 -0.344271 -0.428128 -0.498509 0.14692 0.489847 0.287402 -0.998609 0.706145 0.512798 0.170013 0.0387787 -0.340956 -0.330347 0.132225 0.739113 0.296452 0.23966 0.455722 -0.0224503 0.221166 -0.403198 0.571653 -0.347826 -0.444012 0.224338 -0.847981 0.372894 0.0530785
N.4-O.3 5.06356 5.06356 5.06356 5.06356 5.06356 5.06356 5.06356 5.06356 5.06356 5.06356 5.06356 -0.153979 1.90005 -2.60815 1.55844 5.06356 1.64152 -4.54517 1.15312 -0.357052 1.65051 0.0190406 -0.411774 -0.178097 0.452412 0.71945 0.0399914 -0.187532 -0.0843866 0.260531 0.186482 -0.413294 -0.0285008 -0.109656 0.862838 0.295634 -0.0605539 0.531863 -0.311337 -0.117807 -0.175475 -0.218344 -0.335174 -0.0574836 -0.369283 -0.166979 0.0899044 -0.0643011 -0.205392 -0.495373
N.4-O.co2 5.06356 5.06356 5.06356 5.06356 5.06356 5.06356 5.06356 5.06356 5.06356 5.06356 5.06356 5.06356 -1.21095 -5.1535 -1.04703 1.10373 2.07424 -3.76317 -2.04373 -0.58354 -1.26153 -0.47828 -0.898568 -1.1743 -1.23063 -0.560107 0.0381452 -0.450199 -0.208167 -0.4758 0.622482 -0.220257 -0.112773 0.00288652 -0.122066 -0.549822 0.211819 -0.356998 1.13011 0.169396 -0.319474 -0.0559209 0.612446 -0.0580354 0.471877 0.833017 0.185499 -0.0350082 0.370271 0.241501
N.4-P.3 5.06356 5.06356 5.06356 5.06356 5.06356 5.06356 5.06356 5.06356 5.06356 5.06356 5.06356 5.06356 5.06356 5.06356 5.06356 1.04593 -2.49252 -3.16369 -3.48758 -0.545829 -0.946776 0.139125 -0.403812 -0.606079 -1.16582 -0.484339 0.641853 -0.36137 -1.44999 -0.238618 -0.622909 -1.33896 0.764982 2.00219 -0.410682 0.238728 -0.0711447 0.915036 0.00805232 -0.901096 -0.837808 0.0876521 1.2644 0.238813 0.0113791 0.221363 0.011612 0.103627 -0.165156 1.12328
N.am-N.am 5.06356 5.06356 5.06356 5.06356 5.06356 5.06356 5.06356 5.06356 5.06356 5.06356 5.06356 5.06356 5.06356 0.516201 5.06356 5.06356 0.380026 -1.04746 -1.16774 -0.996721 -1.12938 -1.54934 -0.459398 0.415477 -1.18288 -1.55051 -0.096377 -0.176244 2.7177 0.135136 0.00677796 -0.448081 2.71233 1.90745 0.591592 0.142443 -0.79788 -0.683101 -0.34361 -0.819423 -0.0557781 0.137439 -0.0882811 0.18281 0.394967 0.403889 0.232233 0.258732 0.613875 1.43376
N.am-N.ar 5.06356 5.06356 5.06356 5.06356 5.06356 5.06356 5.06356 5.06356 5.06356 5.06356 5.06356 5.06356 2.52321 0.148918 -0.910441 1.93908 0.0435705 -0.277124 -1.19022 -0.733907 -0.197016 -0.837751 -0.0239686 -0.4543 -0.892675 -0.898179 -0.353644 -0.00148814 0.202995 -0.203461 0.0929427 0.0950541 0.0608396 -0.238543 -0.365516 -0.386707 -0.169611 0.0110596 -0.0945636 -0.0857109 0.0794824 -0.0168423 0.0822871 0.347205 0.155043 0.129275 0.565102 0.468624 0.564504 0.299214
N.am-N.pl3 5.06356 5.06356 5.06356 5.06356 5.06356 5.06356 5.06356 5.06356 5.06356 5.06356 5.06356 5.06356 2.06994 1.53097 -0.40567 0.0151428 0.056539 -0.696577 -1.35942 -1.22912 -0.459498 -0.702528 -0.877949 -0.359432 -0.55003 -0.459361 0.495548 -0.231296 -0.445797 -0.272542 0.383828 0.118203 -0.0977514 -0.0524564 -0.079957 0.0220094 -0.717895 0.0892629 0.127759 -0.212873 0.0823156 -0.102796 0.724171 0.534007 0.286092 0.229072 0.263942 0.140178 0.335234 0.227069
N.am-O.2 5.06356 5.06356 5.06356 5.06356 5.06356 5.06356 5.06356 5.06356 5.06356 5.06356 5.06356 5.06356 0.559339 -0.947946 -1.86042 -0.167763 0.615039 -0.618447 -1.01774 0.404973 -0.420676 -0.230654 -0.743573 0.306025 -0.317451 -0.417273 0.528533 0.354385 -0.115855 -0.165263 -0.411118 -0.133814 0.455148 0.55807 0.295315 -0.682586 -0.562457 0.243772 0.0823254 -0.0824107 -0.493895 -0.17867 -0.402064 -0.0916396 0.310564 0.027451 0.264894 0.331894 0.100948 0.616004
N.am-O.3 5.06356 5.06356 5.06356 5.06356 5.06356 5.06356 5.06356 5.06356 5.06356 5.06356 5.06356 5.06356 2.5136 0.736402 0.748382 -0.544685 0.942328 -0.200593 1.04625 -0.542123 -0.827836 0.962942 0.598897 0.125098 0.194098 0.359476 0.244714 0.173607 -0.295705 -0.389622 -0.51812 -0.159863 0.0616363 0.297396 0.143308 -0.244244 0.0160608 0.085237 0.252612 -0.0924932 0.43958 -0.175281 0.20748 -0.0296956 -0.242508 -0.324885 0.116853 -0.446896 -0.325895 -0.0547266
N.am-O.co2 5.06356 5.06356 5.06356 5.06356 5.06356 5.06356 5.06356 5.06356 5.06356 5.06356 5.06356 1.55359 0.346464 -1.72949 0.238175 0.742182 1.11608 -1.24255 0.309066 -0.0679766 0.828503 0.125071 -0.0697799 -0.580274 -0.000218805 -0.81099 0.151101 0.399039 0.224541 0.112611 0.530405 0.0846013 0.342454 0.454797 0.134622 -0.285849 -0.348701 0.530319 -0.541479 0.298741 -0.620435 0.0464956 -0.250273 -0.019944 -0.107859 0.0412365 -0.137286 0.16204 0.00587731 -0.165723
N.am-P.3 5.06356 5.06356 5.06356 5.06356 5.06356 5.06356 5.06356 5.06356 5.06356 5.06356 5.06356 5.06356 5.06356 5.06356 5.06356 5.06356 2.30013 -1.16328 -0.517494 -0.830196 -0.797108 -0.571263 1.71571 2.16805 2.04872 0.154684 0.092866 1.93371 0.702135 0.923651 -0.575434 -0.243462 0.687228 1.61265 -0.1142 0.14136 -0.25035 0.256226 -0.44352 0.0651897 0.964549 -0.7036 0.239768 -1.10636 -0.131988 0.546445 -0.549945 -0.273989 -0.078114 -0.249362
N.ar-N.ar 5.06356 5.06356 5.06356 5.06356 5.06356 5.06356 5.06356 5.06356 5.06356 5.06356 5.06356 5.06356 5.06356 2.918 2.71949 0.751346 -0.487342 -0.713034 -1.10378 -0.711741 -0.468097 -0.5551 -0.367111 -0.563175 -0.43753 -0.144755 0.279311 0.428828 0.370839 -0.040655 0.134313 0.38017 0.0861691 -0.169562 -0.33213 -0.328265 -0.440653 -0.0877212 -0.162928 -0.127019 0.0484089 0.0161263 -0.194534 0.305406 0.364268 0.159266 0.20113 0.139822 0.110228 0.373827
N.ar-N.pl3 5.06356 5.06356 5.06356 5.06356 5.06356 5.06356 5.06356 5.06356 5.06356 5.06356 5.06356 5.06356 0.968381 -0.325795 0.0915203 0.184337 0.415321 -0.605954 -0.566588 -0.394846 -0.318894 -0.628957 -0.306354 -0.570677 -0.611372 -0.511696 0.127176 -0.0653628 -0.088465 -0.0376243 0.179006 -0.142059 0.0474332 -0.382682 -0.367408 -0.535726 -0.162333 -0.10278 0.0445382 0.0829352 0.0604935 -0.054514 0.128568 0.325313 0.252617 -0.111235 0.416529 0.415209 0.31954 0.119794
N.ar-O.2 5.06356 5.06356 5.06356 5.06356 5.06356 5.06356 5.06356 5.06356 5.06356 5.06356 5.06356 5.06356 0.112894 -0.43728 -0.419047 0.431902 -0.455915 -0.995286 -1.16701 -0.296101 -0.372 -0.574734 -0.197698 -0.520876 -0.481985 -0.162881 -0.427068 0.012039 0.0529824 -0.190347 0.0756857 0.206352 -0.0814336 -0.24835 -0.321517 -0.3174 -0.485742 -0.360864 0.000221517 -0.0363044 -0.0618294 0.419189 -0.00888971 0.246773 0.0894233 0.436339 0.256549 0.678112 0.360565 0.488022
N.ar-O.3 5.06356 5.06356 5.06356 5.06356 5.06356 5.06356 5.06356 5.06356 5.06356 5.06356 5.06356 5.06356 -1.15332 -1.08974 1.31524 2.96775 1.04238 -1.21649 -0.502865 -0.43423 0.355261 -0.0174364 -0.134131 0.330327 0.393885 0.486343 0.465852 0.254898 0.148943 -0.233671 -0.0385572 -0.0608897 -0.0189437 0.0476794 0.118795 0.128016 -0.0959976 0.13695 -0.109478 -0.348204 -0.442945 0.00868425 0.151754 -0.165903 -0.148532 0.0121236 -0.00918887 -0.0944806 -0.206316 -0.0218728
N.ar-O.co2 5.06356 5.06356 5.06356 5.06356 5.06356 5.06356 5.06356 5.06356 5.06356 5.06356 5.06356 5.06356 5.06356 5.06356 3.0775 2.73916 0.134613 0.778754 0.358905 0.801735 0.573787 0.865034 0.22627 0.815064 1.38115 0.988095 0.076419 0.401045 0.101517 0.166127 0.08134 0.217714 0.135669 0.22746 -0.151504 -0.0886662 -0.465025 -0.136577 -0.199075 -0.227067 -0.11981 -0.248122 -0.536136 -0.0656084 -0.0794367 -0.246433 -0.242659 -0.0688676 -0.168318 0.122045
N.ar-P.3 5.06356 5.06356 5.06356 5.06356 5.06356 5.06356 5.06356 5.06356 5.06356 5.06356 5.06356 5.06356 5.06356 5.06356 5.06356 5.06356 2.30013 -0.0274844 -0.808201 -0.982805 -0.931466 1.51511 3.59438 -0.25754 2.81708 0.462505 0.999519 -0.708229 1.11378 0.341282 -0.58126 -0.0883711 0.597921 -0.462785 0.14421 -0.265161 -0.0157189 -0.343805 0.301019 -0.281268 -0.322686 -0.29679 0.0681792 0.082133 -0.472107 -0.208367 -0.222767 -0.0997603 -0.309039 -0.514727
N.ar-S.3 5.06356 5.06356 5.06356 5.06356 5.06356 5.06356 5.06356 5.06356 5.06356 5.06356 5.06356 5.06356 5.06356 5.06356 5.06356 5.06356 1.12203 -0.935084 -0.416915 0.710851 -0.499038 -1.09427 -0.760024 0.17981 -1.64487 -0.181419 1.29645 -0.652022 -0.276064 -1.05677 1.15533 -1.52684 1.92673 0.0921436 0.256743 -0.57281 0.76787 0.485436 0.00950417 -0.529207 -0.242866 -0.286358 0.318194 0.12033 0.940116 0.291037 -0.676701 -0.415297 0.676839 0.879082
N.pl3-N.pl3 5.06356 5.06356 5.06356 5.06356 5.06356 5.06356 5.06356 5.06356 5.06356 5.06356 5.06356 5.06356 5.06356 1.18735 1.75217 0.657734 -0.522649 -0.347643 -0.504652 -1.09363 -0.794373 0.000488714 -0.3937 -1.30781 -0.509217 0.129 -0.481116 -0.160243 0.402856 -0.238389 -1.00324 0.507929 -0.621306 -0.332749 -0.718044 -0.499585 -0.0600593 -0.573609 0.0745038 0.2624 -0.0301517 -0.137341 -0.129939 0.379861 0.596089 0.316771 0.610809 0.4105 0.293396 1.58319
N.pl3-O.2 5.06356 5.06356 5.06356 5.06356 5.06356 5.06356 5.06356 5.06356 5.06356 5.06356 5.06356 5.06356 -1.93978 -1.63137 -1.00059 -0.0948156 -0.597007 -0.739349 -0.895087 -0.525704 0.336155 -0.200796 -0.105941 -0.109001 -0.214676 -0.193709 -0.406652 -0.0920644 -0.50971 -0.530207 -0.662595 -0.0433655 0.104939 -0.0440326 -0.00494145 -0.165967 -0.278042 -0.202543 -0.0350665 0.092224 0.284338 -0.128309 0.248692 0.355807 0.582506 1.18283 0.0662391 -0.199949 0.139546 0.161873
N.pl3-O.3 5.06356 5.06356 5.06356 5.06356 5.06356 5.06356 5.06356 5.06356 5.06356 5.06356 5.06356 2.92235 3.50855 0.717115 1.15235 1.73886 0.765635 -0.799162 0.871904 0.00596081 0.00141307 0.644448 0.145059 0.818637 -0.448351 0.0897248 0.260252 -0.0203801 -0.0478096 0.0223686 0.12289 -0.148826 -0.165603 0.00112245 0.158681 -0.214988 -0.0556319 -0.0659615 0.0390069 -0.153601 -0.109318 -0.0245852 -0.0988053 -0.332904 -0.0471717 -0.0503045 -0.207583 0.0655392 -0.282242 0.17968
N.pl3-O.co2 5.06356 5.06356 5.06356 5.06356 5.06356 5.06356 5.06356 5.06356 5.06356 5.06356 5.06356 5.06356 0.287545 -2.21368 0.203769 0.741873 -0.227779 -1.27839 -0.130361 -0.315327 -0.509788 -0.634801 -0.0306039 0.295295 -0.246047 0.216393 0.413129 0.486485 0.388412 0.347654 -0.0202687 0.134544 0.273719 0.0631537 0.275898 -0.228505 0.396045 -0.0291491 0.322162 0.125102 -0.404528 0.109234 -0.483852 -0.199158 0.0382461 -0.0234256 -0.061671 -0.0157372 -0.103374 -0.321817
N.pl3-P.3 5.06356 5.06356 5.06356 5.06356 5.06356 5.06356 5.06356 5.06356 5.06356 5.06356 5.06356 5.06356 5.06356 5.06356 5.06356 2.45982 -0.133314 2.67765 0.61123 -0.898149 -0.977101 0.267259 1.94649 0.044916 0.32361 -0.157441 0.281155 0.145764 0.377101 -0.0256315 -0.25082 0.176091 0.700325 0.244223 -0.221257 1.1858 1.04473 0.324823 0.0375106 -0.420495 -0.377399 -0.158929 0.144788 0.204893 -0.0366277 -0.794711 0.202947 -0.46994 -0.534232 -0.292093
O.2-O.2 5.06356 5.06356 5.06356 5.06356 5.06356 5.06356 5.06356 5.06356 5.06356 5.06356 5.06356 0.695768 0.86248 5.06356 -0.728995 4.88547 0.983946 0.0198359 -1.14363 0.850409 -0.296674 -0.0364237 -0.385267 1.61046 -0.571132 -0.691757 -0.826449 -0.00970798 -0.460161 -0.880872 -0.989077 -1.13027 -0.877215 -0.598635 -0.299049 0.332893 -0.191572 -0.6265 0.63522 -0.306684 0.334444 0.255797 -0.0679427 0.709916 -0.0447441 1.47002 -0.439945 -0.119131 0.621155 1.03705
O.2-O.3 5.06356 5.06356 5.06356 5.06356 5.06356 5.06356 5.06356 5.06356 5.06356 5.06356 5.06356 3.45788 0.398046 1.7777 3.83466 3.48564 2.17465 0.815136 -0.552519 -0.228588 -0.326514 -0.893311 -0.293569 0.470748 -0.263475 -0.745812 -0.175607 -0.19846 0.613507 -0.0343439 0.635052 0.331278 0.603858 -0.070964 0.296457 0.0812869 0.0127949 -0.457316 -0.123351 -0.226153 -0.325357 -0.105547 -0.488148 -0.202457 -0.0991442 -0.0700725 0.0554855 -0.120506 -0.097672 0.363075
O.2-O.co2 5.06356 5.06356 5.06356 5.06356 5.06356 5.06356 5.06356 5.06356 5.06356 5.06356 5.06356 5.06356 -1.2704 -1.13016 -1.38628 -1.11712 2.64314 0.104783 0.878637 -0.307605 -0.240516 0.0708192 -0.513505 0.0445723 -0.119643 -0.323588 -0.659824 -0.0769106 -0.129923 -0.987247 -1.0324 0.0286092 -0.0351701 -0.190193 -0.262679 -0.29925 0.027967 0.00682863 0.250115 0.789017 0.325433 0.00264798 0.1168 0.718683 -0.0841678 -0.374861 0.170724 0.270563 -0.00232215 -0.102871
O.2-P.3 5.06356 5.06356 5.06356 5.06356 5.06356 5.06356 5.06356 5.06356 5.06356 5.06356 5.06356 5.06356 5.06356 5.06356 4.5434 1.31309 0.483331 0.327398 -0.320101 -0.771488 -0.729609 -0.595368 -1.6262 -0.0132791 1.40909 0.199272 0.728932 -0.269023 0.0730445 -0.137952 -0.96723 0.261232 0.128923 -0.686328 0.374924 0.258425 -0.034844 0.692361 -0.226038 -0.605232 0.193523 0.219819 0.229959 0.595202 0.431462 -0.136617 0.50262 0.534096 -0.655053 -1.12466
O.3-O.3 5.06356 5.06356 5.06356 5.06356 5.06356 5.06356 5.06356 5.06356 5.06356 5.06356 5.06356 1.71966 -1.91663 2.08974 2.47732 1.52497 0.541139 -1.10893 -1.1617 -0.691406 -0.590801 -0.515911 -1.07194 -0.57135 0.0489133 0.375458 -0.0738765 -0.309704 -0.00898335 -0.161486 -0.301759 0.173077 0.399046 -0.083311 0.0994621 0.174289 -0.0868357 -0.197249 0.0806855 0.246413 0.0310207 -0.447284 -0.416202 -0.382105 -0.0245467 -0.0818515 0.277351 -0.0682025 -0.153461 -0.266049
O.3-O.co2 5.06356 5.06356 5.06356 5.06356 5.06356 5.06356 5.06356 5.06356 5.06356 5.06356 3.20608 0.525951 -1.99435 -0.91571 2.07794 1.78916 0.45819 -0.543524 0.600234 -0.116422 -0.111868 -0.549169 -0.897747 -0.798756 -0.537425 -0.0280379 -0.542382 0.511657 -0.189161 0.176768 -0.264438 0.138954 -0.237668 0.203453 0.27195 0.0200468 0.0134688 -0.0654385 -0.139914 0.218148 -0.0089061 -0.0503261 -0.225481 0.448272 -0.105593 -0.162476 -0.294491 -0.0619738 -0.0974961 0.18297
O.3-P.3 5.06356 5.06356 5.06356 5.06356 5.06356 5.06356 5.06356 5.06356 0.979511 5.06356 5.06356 5.06356 5.06356 2.78152 0.346878 0.886326 0.536581 -1.27211 -1.65679 -0.224712 0.911168 0.905573 1.42124 -2.11838 -1.20992 -0.71451 -2.02438 -0.106668 -0.146104 -0.445938 0.274815 0.248681 -0.148105 0.804037 0.508591 -0.498745 0.177991 0.515493 -0.420459 -0.248967 0.514611 -0.577002 -0.395613 -0.129099 0.171706 0.142435 -0.199803 0.0949148 0.0573877 -0.0168158
O.3-S.3 5.06356 5.06356 5.06356 5.06356 5.06356 5.06356 5.06356 5.06356 5.06356 5.06356 5.06356 5.06356 5.06356 5.06356 0.66503 5.06356 5.06356 1.1308 -0.517253 -0.507351 1.30552 1.09878 -0.362226 -0.340951 -0.0760021 -0.166629 0.460284 0.188193 -0.408446 1.10828 1.25855 0.279239 -0.218652 -0.358096 -0.396184 0.0701611 -0.0685518 -0.67032 -0.639434 0.000527236 -0.0682728 -0.0312256 0.165154 0.102832 -0.0172989 0.297073 0.0769693 -0.278651 0.150053 -0.47485
O.co2-O.co2 5.06356 5.06356 5.06356 5.06356 5.06356 5.06356 5.06356 5.06356 5.06356 5.06356 5.06356 5.06356 5.06356 1.81082 0.209277 1.96545 1.45694 2.5269 1.92208 0.142339 2.01771 0.890484 -0.500752 -0.135257 1.51271 0.611868 0.516654 -0.265186 0.499039 0.699511 0.232434 -0.356154 0.853146 0.64983 0.0394489 -0.0935344 -0.060136 -0.0906619 -0.131094 0.102354 -0.2814 -0.324273 -0.251104 -0.514291 -0.37074 0.0905461 -0.256569 -0.249432 -0.169171 -0.400368
O.co2-P.3 5.06356 5.06356 5.06356 5.06356 5.06356 5.06356 5.06356 5.06356 5.06356 5.06356 5.06356 5.06356 5.06356 5.06356 4.5434 1.31309 0.145724 -0.245004 -0.342209 -0.332701 2.98232 0.256953 0.126667 2.26669 -0.697571 2.9352 1.43774 0.556601 0.342716 -0.0515623 0.66728 0.528514 0.193513 -0.175008 -0.101636 0.167034 -0.428635 -0.453194 -0.26768 -0.216338 -0.359826 -0.39056 -0.773666 -0.600796 -0.273936 0.222798 0.103156 0.0489597 -0.590718 0.560397