C.2-C.2 5.06356 5.06356 5.06356 5.06356 5.06356 5.06356 5.06356 5.06356 5.06356 5.06356 5.06356 5.06356 5.06356 5.06356 2.16282 1.12397 -0.0900572 -0.28253 -0.28369 -0.368818 -0.716069 -0.739619 -0.112218 -0.462901 -0.476096 -0.162868 -0.0142044 0.0146305 0.0147127 -0.120444 -0.0140553 -0.0117766 -0.112303 -0.299349 -0.13224 -0.372078 -0.229058 -0.0489773 -0.0705343 -0.0399842 -0.0290087 0.0436055 -0.0629398 0.146735 0.0492136 0.118147 0.306878 0.101071 0.320835 0.440812
C.2-C.3 5.06356 5.06356 5.06356 5.06356 5.06356 5.06356 5.06356 5.06356 5.06356 5.06356 5.06356 5.06356 5.06356 4.60789 4.05823 3.85123 1.52854 1.04205 0.557139 0.370948 0.106308 -0.0197935 0.0183893 -0.190815 0.178856 -0.0906902 0.14862 0.0359643 -0.00115887 0.0699585 -0.0363783 0.0390546 -0.13624 -0.0183066 -0.17809 -0.197938 -0.149339 -0.227125 -0.255536 -0.0595118 -0.17941 -0.0686269 -0.040719 -0.136334 -0.0419853 -0.0566111 0.0273613 0.0299195 0.0374566 0.0595944
C.2-C.ar 5.06356 5.06356 5.06356 5.06356 5.06356 5.06356 5.06356 5.06356 5.06356 5.06356 5.06356 5.06356 5.06356 5.06356 2.52853 1.87286 0.250967 -0.448109 -0.504958 -0.421351 -0.55204 -0.35559 -0.331734 -0.389405 -0.127072 0.169179 -0.0829513 0.150111 -0.0780316 -0.128566 -0.222476 -0.196521 -0.0535687 -0.218211 -0.184304 -0.345483 -0.254415 -0.275621 -0.363913 -0.158298 -0.0248836 -0.046272 0.0623411 0.247102 0.238674 0.17721 0.379287 0.334318 0.328953 0.162887
C.2-C.cat 5.06356 5.06356 5.06356 5.06356 5.06356 5.06356 5.06356 5.06356 5.06356 5.06356 5.06356 5.06356 5.06356 5.06356 2.40461 0.747043 -0.589498 0.347392 -1.74339 -0.247724 0.186321 0.311729 0.735668 0.0577076 -0.487743 0.89625 0.181291 0.544496 1.39101 1.3206 0.193128 0.52932 -0.363897 -0.73479 -0.130477 -0.241109 -0.548369 -0.68056 0.0482127 0.241482 -0.684653 0.152021 -0.206611 0.0442123 0.221494 -0.648526 -0.0305062 0.485626 0.828768 -0.0239855
C.2-Ha 5.06356 5.06356 5.06356 5.06356 5.06356 5.06356 5.06356 5.06356 5.06356 5.06356 5.06356 5.06356 5.06356 0.40611 5.06356 -3.36307 0.474241 -1.21756 -0.395488 0.403056 -1.08608 1.29131 0.283999 -0.728051 -0.547552 0.205586 -0.122497 0.143275 -0.512156 -0.021976 0.0417733 0.263619 0.356548 -0.131172 -0.0607509 -0.481668 0.189273 0.362132 0.243655 0.0239693 -0.400692 0.0360616 -0.133568 0.310053 0.707136 -0.0605387 0.0558475 0.230387 0.227665 -0.525161
C.2-N.2 5.06356 5.06356 5.06356 5.06356 5.06356 5.06356 5.06356 5.06356 5.06356 5.06356 5.06356 5.06356 5.06356 1.99439 2.82164 0.662872 -0.509824 -1.17387 -1.54804 -1.12143 -0.604698 -0.165048 -0.211054 -0.145053 -0.530689 -0.707515 -0.327075 -0.461976 -0.074087 0.0279392 -0.130591 -0.0284091 -0.124646 -0.271924 -0.316801 -0.413351 -0.366242 -0.179534 0.0775334 0.139551 -0.103139 0.185045 0.0753347 0.446053 0.694745 0.318228 0.708608 0.380941 0.603505 0.468349
C.2-N.3 5.06356 5.06356 5.06356 5.06356 5.06356 5.06356 5.06356 5.06356 5.06356 5.06356 5.06356 5.06356 5.06356 5.06356 5.06356 2.05161 -1.09175 -1.39529 -1.26839 -1.06599 -0.475505 -1.29637 0.91442 -0.538749 1.17477 -1.21456 -0.480013 0.558186 -0.732939 -0.623097 -0.0333151 -0.800208 -0.366355 -0.550935 0.488428 -1.1945 1.27483 0.580749 0.196974 -0.26757 0.282264 0.504051 0.224934 0.147619 -0.0480416 0.601142 0.132854 1.65129 0.776755 0.592401
C.2-N.4 5.06356 5.06356 5.06356 5.06356 5.06356 5.06356 5.06356 5.06356 5.06356 5.06356 5.06356 5.06356 5.06356 2.4583 3.55863 5.06356 2.31105 1.48036 -0.648947 0.157044 -0.179602 -0.373263 0.946841 0.0416306 -0.152571 0.357534 0.409073 0.0224812 -0.458642 0.0668583 -0.492497 -0.503228 0.155045 -0.336466 -0.163491 0.228918 -0.166066 0.073738 -0.138854 -0.298652 -0.403532 0.0873368 -0.258742 0.0880122 0.0779133 0.301117 -0.362972 0.26529 0.118128 0.0445783
C.2-N.am 5.06356 5.06356 5.06356 5.06356 5.06356 5.06356 5.06356 5.06356 5.06356 5.06356 5.06356 5.06356 5.06356 2.38283 0.0480778 0.579502 -0.298662 -0.61089 -0.890592 -0.536364 -0.738612 -0.429956 -0.222653 0.249644 0.133748 -0.415213 -0.169137 -0.422008 -0.137539 -0.244662 -0.263958 0.0916115 0.141869 -0.0861986 -0.0982863 -0.182004 -0.303841 -0.279857 -0.0475361 -0.250467 0.18295 -0.0115835 0.0247075 -0.0617836 0.404277 0.131062 -0.0455264 0.326926 0.702131 0.356761
C.2-N.ar 5.06356 5.06356 5.06356 5.06356 5.06356 5.06356 5.06356 5.06356 5.06356 5.06356 5.06356 5.06356 5.06356 5.06356 5.06356 0.942934 0.202857 -0.480349 -0.698016 -0.690374 -0.412772 -0.330826 -0.248464 -0.0939823 -0.149158 -0.27012 -0.242649 -0.350584 -0.10473 -0.138942 0.097249 0.15389 -0.02614 -0.143164 -0.322221 -0.228081 -0.500775 -0.393813 -0.272316 -0.065309 -0.0668215 0.0910747 0.0343031 0.292174 0.117549 0.122997 0.432272 0.400917 0.328588 0.351917
C.2-N.pl3 5.06356 5.06356 5.06356 5.06356 5.06356 5.06356 5.06356 5.06356 5.06356 5.06356 5.06356 5.06356 5.06356 4.63227 3.28929 0.718143 -0.0803612 -0.447344 -1.41698 -0.830386 -0.686297 -0.456477 -0.290522 -0.231834 -0.440654 -0.257617 -0.338611 0.0408028 -0.150287 -0.406393 -0.32003 -0.144347 0.0848952 -0.0769465 -0.261081 -0.0666034 -0.218306 -0.170421 -0.210556 0.0544511 0.0286853 0.0712842 0.117289 0.293525 0.317596 0.30549 0.366344 0.472716 0.224398 0.283967
C.2-O.2 5.06356 5.06356 5.06356 5.06356 5.06356 5.06356 5.06356 5.06356 5.06356 5.06356 5.06356 5.06356 5.06356 3.14384 3.37591 0.0923656 -0.0684469 -0.22407 -0.753867 -0.595195 -0.186572 0.078699 -0.479913 -0.225463 -0.751356 -0.603036 -0.117613 -0.377178 0.306048 -0.130082 -0.102745 -0.210255 0.447802 -0.102521 -0.0642158 -0.156102 -0.0969214 -0.195318 -0.231453 -0.250458 -0.102329 -0.115483 -0.216441 0.195447 0.409523 0.148585 0.233313 0.43785 0.473983 0.210117
C.2-O.3 5.06356 5.06356 5.06356 5.06356 5.06356 5.06356 5.06356 5.06356 5.06356 5.06356 5.06356 5.06356 3.74841 5.06356 0.745642 0.927651 1.04479 0.182277 0.0913623 -0.180778 0.256721 0.423338 0.393555 0.266489 0.287722 0.0548695 -0.192928 -0.0188849 -0.0599629 0.146725 -0.00037733 -0.015512 0.0543476 -0.0939636 -0.0536549 -0.0680894 -0.342796 -0.451594 -0.0567721 -0.0997835 -0.0681271 0.0177535 -0.0439636 0.00280571 0.0472069 0.0883553 -0.0149532 -0.218938 0.0113058 -0.0340889
C.2-O.co2 5.06356 5.06356 5.06356 5.06356 5.06356 5.06356 5.06356 5.06356 5.06356 5.06356 5.06356 5.06356 5.06356 4.0384 3.03511 0.824855 0.0887695 0.0455452 -0.0930989 -0.541251 -0.134979 0.159188 0.470843 0.689407 0.486093 0.0310466 0.162797 0.0321696 -0.0290439 0.211268 -0.151175 0.128971 0.232773 0.220701 0.157169 0.19496 -0.0882306 0.00669433 0.0109873 -0.095301 -0.279689 -0.153397 -0.293766 0.137145 0.042909 -0.137604 -0.0851866 -0.134173 -0.0693872 -0.243651
C.2-P.3 5.06356 5.06356 5.06356 5.06356 5.06356 5.06356 5.06356 5.06356 5.06356 5.06356 5.06356 5.06356 5.06356 5.06356 5.06356 2.76153 0.85963 0.127322 2.30111 1.07618 0.293378 -0.118968 -0.367112 -0.301172 0.121775 0.139954 0.278732 0.0364765 0.790664 0.554065 0.85173 0.515471 0.0339175 -0.0951812 -0.189084 -0.267573 -0.161937 -0.201147 0.487146 -0.0124374 -0.151364 -0.139259 0.0442786 -0.320205 -0.255562 -0.473336 -0.20079 -0.30381 -0.0347105 0.0332294
C.2-S.3 5.06356 5.06356 5.06356 5.06356 5.06356 5.06356 5.06356 5.06356 5.06356 5.06356 5.06356 5.06356 5.06356 5.06356 -0.0536985 5.06356 5.06356 -0.370865 1.14034 5.06356 1.3318 -0.54426 -0.679314 -0.59305 0.525089 -0.310333 -0.128918 0.309799 -0.984195 0.247256 -0.36618 0.554257 -0.38582 -0.45821 -0.152949 -0.501305 0.0368996 0.225357 0.168397 0.56401 0.167681 0.0756892 0.0122478 -0.489132 -0.262082 0.355694 0.0230512 0.014282 0.26958 0.130951
C.3-C.3 5.06356 5.06356 5.06356 5.06356 5.06356 5.06356 5.06356 5.06356 5.06356 5.06356 5.06356 5.06356 5.06356 5.06356 2.19546 1.8875 2.38556 0.230861 0.753775 0.173321 0.595721 0.521976 -0.406709 0.0388348 0.0849998 -0.0457782 0.0704327 -0.059811 -0.000963973 -0.00514176 -0.177495 0.12702 -0.068697 -0.0449101 -0.0952643 -0.11499 -0.156709 -0.0376211 -0.147566 -0.144392 -0.129476 -0.152806 -0.129463 -0.0898985 -0.0644538 -0.146952 -0.132037 -0.057339 -0.0716465 0.00690236
C.3-C.ar 5.06356 5.06356 5.06356 5.06356 5.06356 5.06356 5.06356 5.06356 5.06356 5.06356 5.06356 5.06356 5.06356 5.06356 5.06356 2.74834 2.408 1.11929 0.565295 0.323527 0.113713 -0.334967 -0.146296 -0.0960472 -0.0175754 -0.0130124 -0.069698 -0.0653428 -0.0629127 -0.132469 -0.0610856 -0.221246 -0.0952809 -0.0720281 -0.0215422 -0.0775488 -0.0523529 -0.0827485 -0.111036 -0.0366622 -0.0948033 -0.105625 -0.0443723 -0.0364309 -0.0878122 -0.0348369 -0.116814 0.0871045 -0.0105935 0.0633638
C.3-C.cat 5.06356 5.06356 5.06356 5.06356 5.06356 5.06356 5.06356 5.06356 5.06356 5.06356 5.06356 5.06356 5.06356 5.06356 2.40461 0.747043 0.135675 -0.0780877 -0.139147 -0.14298 -2.008 -0.77295 -1.12816 -0.453091 -0.224189 -0.137937 -0.723674 -0.876375 -0.846197 -0.367319 -0.787643 -0.780842 0.0110532 0.417961 -0.253855 0.835893 0.581072 0.0375749 -0.102248 0.555983 -0.384448 -0.430882 0.399507 0.299226 0.350037 -0.581259 0.144073 0.00799755 0.227824 0.193373
C.3-Ha 5.06356 5.06356 5.06356 5.06356 5.06356 5.06356 5.06356 5.06356 5.06356 5.06356 5.06356 5.06356 5.06356 5.06356 0.912646 5.06356 0.0723673 1.261 -0.574322 0.411958 0.100987 -0.128069 0.980124 0.491753 0.3521 -0.356435 1.42521 -0.536459 -0.642172 0.541028 0.0887031 -0.0571814 -0.0437094 0.182447 -0.20509 -0.146744 -0.0196276 0.263224 -0.313235 -0.669325 0.0731126 0.441757 -0.361376 0.155109 -0.0367341 -0.134057 -0.0548989 -0.116998 0.881316 -0.322113
C.3-N.2 5.06356 5.06356 5.06356 5.06356 5.06356 5.06356 5.06356 5.06356 5.06356 5.06356 5.06356 5.06356 5.06356 5.06356 5.06356 -0.0203204 2.85056 1.54432 0.808776 0.69339 0.460692 0.37597 -0.0340748 0.735076 0.0229535 0.406181 0.249284 -0.00171826 -0.272624 -0.0254166 -0.156643 -0.426444 -0.238506 -0.279345 -0.252728 0.0819865 -0.198983 -0.268518 -0.0974116 -0.297022 -0.431499 0.0290159 -0.100891 0.0257115 -0.107206 -0.13268 0.198949 -0.0268183 0.10138 0.169496
C.3-N.3 5.06356 5.06356 5.06356 5.06356 5.06356 5.06356 5.06356 5.06356 5.06356 5.06356 5.06356 5.06356 5.06356 5.06356 5.06356 2.05161 0.124242 -0.51986 5.06356 1.2005 -0.0856127 -0.108229 0.100535 5.06356 0.0474999 0.1275 0.427847 0.214048 -0.853926 0.642039 1.40212 0.773358 0.102077 0.0696752 0.900327 -0.173168 -0.144406 -0.0994444 -0.419209 -0.825451 -0.822914 -0.236628 -0.013985 -0.300544 -0.152481 -0.250276 -0.449457 0.85761 0.245649 -0.210071
C.3-N.4 5.06356 5.06356 5.06356 5.06356 5.06356 5.06356 5.06356 5.06356 5.06356 5.06356 5.06356 5.06356 5.06356 2.69364 5.06356 2.97065 1.50779 1.00102 0.022953 0.42226 -0.173426 0.557864 0.257314 0.129664 -0.264961 -0.397878 -0.0217484 0.0839493 -0.557036 -0.255442 -0.388785 -0.398007 0.0599875 -0.263195 -0.0893148 -0.121311 -0.290747 0.441561 -0.27919 -0.131536 0.0414146 0.0273784 -0.131815 -0.0632062 -0.150177 0.320174 -0.270049 0.010108 0.00193912 -0.0283941
C.3-N.am 5.06356 5.06356 5.06356 5.06356 5.06356 5.06356 5.06356 5.06356 5.06356 5.06356 5.06356 5.06356 5.06356 5.06356 3.71057 1.66106 2.46504 0.653703 0.89631 0.624892 0.475257 0.349361 -0.131529 0.356197 -0.152596 -0.365517 -0.319348 -0.270351 -0.240963 -0.0367059 -0.294817 -0.381182 -0.0222834 -0.0934301 -0.213169 -0.330153 -0.0860914 -0.172813 -0.128875 -0.0246604 0.0596806 0.0677339 -0.0260452 -0.0920021 0.120934 -0.134354 0.187705 0.0637053 0.0450783 -0.0620328
C.3-N.ar 5.06356 5.06356 5.06356 5.06356 5.06356 5.06356 5.06356 5.06356 5.06356 5.06356 5.06356 5.06356 4.3523 5.06356 2.71756 2.07163 0.410414 0.539974 -0.0780041 0.081119 0.119418 0.025379 0.000108083 -0.105149 -0.0418991 -0.0216633 -0.123202 -0.00292197 -0.227076 0.0818336 -0.0651762 -0.107406 0.00821711 0.0292579 -0.120386 -0.163367 -0.0704619 -0.0318946 -0.11265 -0.098839 -0.170642 -0.230983 -0.00875312 -0.132071 0.0112322 0.00405961 -0.0462927 -0.00441882 0.106374 0.120669
C.3-N.pl3 5.06356 5.06356 5.06356 5.06356 5.06356 5.06356 5.06356 5.06356 5.06356 5.06356 5.06356 5.06356 5.06356 5.06356 0.764007 0.995248 0.705912 0.210586 -0.0170906 -0.0789046 -0.0997698 0.126749 0.084695 0.0339521 -0.0765477 -0.0249396 0.0736655 -0.135794 -0.0837087 -0.174944 -0.0288858 0.020812 -0.0924132 -0.192645 0.0356665 -0.164455 -0.156574 -0.231865 -0.280641 -0.177819 -0.0794715 -0.0869126 -0.0686772 0.0957878 -0.0601269 -0.000888782 0.133401 0.0304983 0.00274208 0.283165
C.3-O.2 5.06356 5.06356 5.06356 5.06356 5.06356 5.06356 5.06356 5.06356 5.06356 5.06356 5.06356 5.06356 1.49828 2.65277 0.494103 0.268483 -0.527851 -0.431306 -0.203092 -0.233781 0.0679118 -0.320037 0.19156 -0.245487 -0.222733 -0.00934784 -0.234887 0.0972274 -0.154684 0.172449 0.082861 0.297371 0.24822 0.0614914 -0.0667704 -0.240916 -0.152446 0.0870587 0.0444581 -0.268761 -0.160895 -0.211679 -0.180949 0.0297925 -0.0354567 -0.00860064 0.0277992 0.0216913 0.235536 0.214844
C.3-O.3 5.06356 5.06356 5.06356 5.06356 5.06356 5.06356 5.06356 5.06356 5.06356 5.06356 5.06356 5.06356 2.91225 1.80456 0.461061 0.954809 0.450399 -0.106808 0.401333 0.336897 0.0921247 0.10906 0.255951 0.329514 0.0543234 0.0565156 -0.0256628 -0.0672473 -0.0146703 -0.164817 -0.086516 -0.0986075 -0.0624319 -0.0267894 -0.0181698 -0.0183341 -0.156259 -0.0342775 -0.0939398 -0.024539 -0.0109397 -0.116499 -0.109167 0.0497827 -0.165952 -0.105839 -0.141222 -0.0618096 -0.129532 -0.0106736
C.3-O.co2 5.06356 5.06356 5.06356 5.06356 5.06356 5.06356 5.06356 5.06356 5.06356 5.06356 5.06356 5.06356 5.06356 3.38817 0.782038 0.220996 -0.348327 -0.199383 -0.305869 -0.314774 0.122802 -0.122253 0.104541 0.161806 0.0239148 -0.0731981 -0.0875661 0.0882074 -0.0376427 0.174424 -0.0906389 0.264059 0.143289 0.0823807 -0.118495 0.138496 -0.173527 0.033617 0.0429346 -0.140642 -0.116373 0.00029081 -0.172841 0.09496 -0.0490798 -0.135377 -0.065287 -0.100122 -0.143705 -0.102969
C.3-P.3 5.06356 5.06356 5.06356 5.06356 5.06356 5.06356 5.06356 5.06356 5.06356 5.06356 5.06356 5.06356 5.06356 2.25993 5.06356 5.06356 3.84489 3.55719 0.644416 1.02156 -0.884818 -0.692051 -0.511988 -0.206339 -0.814133 0.254876 0.112591 -0.236764 -0.00328101 -0.0390995 -0.0171808 -0.338063 0.113322 -0.320638 -0.185099 -0.038019 -0.151313 -0.064635 -0.103068 0.223359 -0.356625 -0.269656 0.0610971 0.174842 -0.0722797 0.0194633 -0.188965 0.0552216 -0.068918 0.0140298
C.3-S.2 5.06356 5.06356 5.06356 5.06356 5.06356 5.06356 5.06356 5.06356 5.06356 5.06356 5.06356 5.06356 5.06356 5.06356 5.06356 -0.0374361 -0.605583 5.06356 5.06356 0.421585 5.06356 0.616823 0.0145851 -0.303923 5.06356 5.06356 0.341798 -0.500419 -0.205847 1.24941 1.31608 5.06356 0.0568018 0.117408 -0.229234 1.61967 -0.404217 0.342984 -0.615985 -0.24625 -0.514703 -0.147469 -0.505315 -0.276482 0.46212 -0.448947 0.21357 0.00480886 -0.395357 0.0872919
C.3-S.3 5.06356 5.06356 5.06356 5.06356 5.06356 5.06356 5.06356 5.06356 5.06356 5.06356 5.06356 5.06356 5.06356 5.06356 5.06356 2.00048 0.517668 -0.0298093 0.776378 0.0707108 0.576056 -0.204055 1.16797 0.561597 0.357249 0.278728 -0.759403 0.588336 0.254168 0.898476 -0.133367 -0.703482 -0.283971 0.0133904 0.0776891 -0.119908 -0.0650471 -0.257775 -0.0445379 0.093194 -0.0162572 0.394879 -0.239443 -0.0107205 0.133784 -0.447207 -0.298629 -0.0500546 0.290363 -0.324226
C.ar-C.ar 5.06356 5.06356 5.06356 5.06356 5.06356 5.06356 5.06356 5.06356 5.06356 5.06356 5.06356 5.06356 5.06356 4.91706 0.867444 1.42174 -0.0106618 -0.994988 -0.988409 -0.720816 -0.727507 -0.540601 -0.583751 -0.364328 -0.568521 -0.17117 0.134644 0.220703 0.253686 0.128692 0.168729 0.0371605 0.0898914 -0.173856 -0.241191 -0.281533 -0.230728 -0.130956 -0.199469 -0.133015 0.0115197 -0.00507357 0.105687 0.0561873 0.215117 0.176112 0.345182 0.402629 0.278969 0.179948
C.ar-C.cat 5.06356 5.06356 5.06356 5.06356 5.06356 5.06356 5.06356 5.06356 5.06356 5.06356 5.06356 5.06356 5.06356 5.06356 2.40461 0.747043 -0.637702 -0.807647 -0.919663 0.102033 1.50555 -0.107555 -0.772694 -0.710081 -0.152748 0.0514935 -0.884948 0.285479 0.346999 -0.786388 -0.235147 -0.564225 -0.0797312 0.539614 -0.310645 0.19549 0.408354 -0.357182 -0.0422578 0.974108 0.360599 -0.215299 0.977346 -1.03423 -0.148071 0.0545487 0.418965 -0.428274 -0.459738 -0.160707
C.ar-Ha 5.06356 5.06356 5.06356 5.06356 5.06356 5.06356 5.06356 5.06356 5.06356 5.06356 5.06356 5.06356 5.06356 5.06356 -1.53813 0.486369 -0.928837 -1.08319 0.0293218 -0.864009 -0.969282 -0.93867 -0.693628 -0.47314 -0.625373 0.0956582 -0.551338 -0.19963 -0.205165 0.962414 0.741628 -0.286925 -0.228795 -0.516936 -0.573391 -0.795985 -0.0198333 0.206317 -0.819434 -0.129692 0.651944 0.0304881 0.459241 0.00564179 0.485283 0.714679 0.929441 0.916562 0.491751 0.493473
C.ar-N.2 5.06356 5.06356 5.06356 5.06356 5.06356 5.06356 5.06356 5.06356 5.06356 5.06356 5.06356 5.06356 5.06356 5.06356 1.31243 0.365398 0.124574 -0.629955 -0.851258 -0.908769 -0.791841 -0.358374 -0.644647 -0.291814 -0.0511325 -0.646411 -0.293106 -0.320017 -0.0423267 0.054575 0.141555 0.599127 0.0936537 -0.221657 -0.24938 -0.629564 -0.436768 -0.209996 -0.407635 0.103264 -0.055294 0.0174096 0.242841 0.405774 0.13523 0.218068 0.551025 0.427574 0.678024 0.236899
C.ar-N.3 5.06356 5.06356 5.06356 5.06356 5.06356 5.06356 5.06356 5.06356 5.06356 5.06356 5.06356 5.06356 5.06356 5.06356 5.06356 2.05161 0.124242 -0.873783 -0.187169 0.323631 1.09732 -0.867512 0.609912 0.003317 -0.829555 0.403179 -0.344136 0.0776388 -0.437388 -0.368632 0.313403 0.366399 -0.533634 -0.63318 -0.8507 -0.350224 -0.62014 0.117272 -0.336188 1.29877 -0.0867752 0.721493 -0.0743999 -0.573551 0.0945756 -0.10821 1.15675 0.295456 0.433272 0.672139
C.ar-N.4 5.06356 5.06356 5.06356 5.06356 5.06356 5.06356 5.06356 5.06356 5.06356 5.06356 5.06356 5.06356 5.06356 5.06356 3.39222 1.76776 -0.852951 0.0657641 -0.88703 0.106091 -0.687822 -1.03762 0.0176365 -0.0757083 -0.242775 -0.383465 -0.989795 -0.108298 0.0102966 -0.236588 -0.0633077 0.150698 0.197005 0.0733116 0.0051815 -0.0166386 -0.0960213 0.0598284 0.189819 0.0276423 -0.200048 0.0340864 0.173243 0.144998 -0.0296854 0.0417959 -0.145962 0.0353937 -0.199892 0.361392
C.ar-N.am 5.06356 5.06356 5.06356 5.06356 5.06356 5.06356 5.06356 5.06356 5.06356 5.06356 5.06356 5.06356 5.06356 3.45314 4.36088 1.46995 0.0658838 -0.714797 -0.913495 -0.804618 -0.764888 -0.237045 -0.415447 -0.205999 -0.319048 -0.287919 -0.237494 -0.211319 -0.14345 0.0367317 -0.00712935 0.147653 0.016357 -0.0493292 -0.187679 -0.378482 -0.468963 -0.281721 -0.31886 -0.216123 0.0575796 -0.00323661 0.250622 0.221162 0.3571 0.159319 0.424379 0.358677 0.449003 0.292936
C.ar-N.ar 5.06356 5.06356 5.06356 5.06356 5.06356 5.06356 5.06356 5.06356 5.06356 5.06356 5.06356 5.06356 5.06356 5.06356 2.98433 1.07888 -0.324748 -0.837394 -0.63519 -0.885509 -0.748445 -0.629438 -0.52864 -0.257452 -0.307547 -0.145647 -0.0575526 -0.174305 0.00711699 0.287618 0.232368 0.122895 0.0121547 -0.18387 -0.227238 -0.326472 -0.274994 -0.263508 -0.194838 0.0785604 0.0225205 0.0505115 0.0466661 0.13281 0.168369 0.178455 0.245034 0.340539 0.249042 0.324646
C.ar-N.pl3 5.06356 5.06356 5.06356 5.06356 5.06356 5.06356 5.06356 5.06356 5.06356 5.06356 5.06356 5.06356 5.06356 -0.0484666 3.63618 1.31025 0.29792 -0.153231 -0.446479 -0.617868 -0.837554 -0.600406 -0.506002 -0.346502 -0.444504 -0.491458 -0.523446 -0.208696 -0.26174 -0.29663 0.02722 -0.0655107 0.0318303 -0.366016 -0.291135 -0.408459 -0.195747 -0.309791 -0.0805459 -0.00751427 0.107183 0.127489 0.0683328 0.373647 0.308856 0.473781 0.287875 0.403484 0.270499 0.362421
C.ar-O.2 5.06356 5.06356 5.06356 5.06356 5.06356 5.06356 5.06356 5.06356 5.06356 5.06356 5.06356 5.06356 3.54963 1.83882 1.75883 0.535282 -0.433643 -0.66018 -0.773045 -0.671474 -0.678525 -0.676423 -0.428204 -0.290744 -0.538275 -0.253384 -0.319216 -0.0552019 0.0280473 -0.28955 -0.296159 -0.122922 -0.166112 -0.215159 -0.187186 -0.155394 -0.213249 -0.277908 -0.194185 -0.0940147 -0.0829705 0.0384726 0.257878 0.37146 0.328058 0.379514 0.217922 0.489188 0.488445 0.320163
C.ar-O.3 5.06356 5.06356 5.06356 5.06356 5.06356 5.06356 5.06356 5.06356 5.06356 5.06356 5.06356 5.06356 0.920357 5.06356 3.29714 1.28606 0.166331 0.467355 0.276074 0.394628 0.736332 0.525227 0.395237 0.40047 0.153474 0.254405 0.0478067 0.0470257 0.0309745 -0.111337 -0.115752 0.140763 -0.148482 -0.0421231 -0.0955054 -0.164876 -0.172959 -0.180954 -0.226474 -0.123239 -0.0162525 -0.0576139 -0.120619 -0.0117289 -0.0613575 -0.0881609 0.0211227 -0.0485585 -0.0755593 -0.0672176
C.ar-O.co2 5.06356 5.06356 5.06356 5.06356 5.06356 5.06356 5.06356 5.06356 5.06356 5.06356 5.06356 5.06356 5.06356 4.0384 2.49242 1.13418 1.57112 1.62035 1.00238 1.73838 1.08639 1.32617 0.751384 0.742171 0.569381 0.637617 0.246595 0.173067 0.172965 0.342788 0.129639 -0.068395 0.0397162 0.180128 0.125186 0.121664 -0.238249 -0.226476 -0.207161 -0.195605 -0.116405 -0.152111 0.0328592 -0.154918 -0.178923 -0.327071 -0.23381 -0.150551 -0.174041 -0.29509
C.ar-P.3 5.06356 5.06356 5.06356 5.06356 5.06356 5.06356 5.06356 5.06356 5.06356 5.06356 5.06356 5.06356 5.06356 5.06356 5.06356 2.76153 0.85963 0.127322 -0.137452 -0.111179 2.08093 1.40198 0.829139 -0.818601 1.65904 0.344825 0.635328 1.09795 0.246019 0.20503 -0.089787 0.376185 0.0799336 0.0035692 -0.141554 -0.0381138 0.00849173 -0.152196 -0.00545634 -0.256423 -0.314289 0.156891 -0.331927 -0.433154 -0.409147 -0.396542 -0.331344 -0.00268874 -0.157356 -0.196292
C.ar-S.3 5.06356 5.06356 5.06356 5.06356 5.06356 5.06356 5.06356 5.06356 5.06356 5.06356 5.06356 5.06356 5.06356 5.06356 5.06356 2.00048 0.656545 0.808825 0.226789 -0.361185 -0.994992 0.121825 -0.115774 -0.681139 -0.0224289 0.177077 -0.558665 0.899846 0.619525 0.466889 -0.796721 -0.50896 -0.0510375 1.12657 0.883117 0.276379 -0.286137 -0.452812 -0.211499 -0.275567 -0.0968767 0.378389 -0.375656 -0.368789 0.252396 -0.283221 0.358761 -0.22077 -0.179559 0.402676
C.cat-N.ar 5.06356 5.06356 5.06356 5.06356 5.06356 5.06356 5.06356 5.06356 5.06356 5.06356 5.06356 5.06356 5.06356 5.06356 5.06356 -0.0285151 5.06356 5.06356 -1.47395 -1.15023 -0.460037 -1.20649 -0.300109 0.0162337 0.926147 0.930482 1.92593 -0.753039 -0.676558 -0.329553 -0.0564062 1.65135 0.308583 0.527728 -0.0795558 1.9482 -0.705278 0.569921 0.684713 -0.448903 -0.646103 -0.0987055 -0.0696448 0.125711 -1.26103 -0.0128781 0.489774 1.53846 -0.106534 -0.662524
C.cat-O.3 5.06356 5.06356 5.06356 5.06356 5.06356 5.06356 5.06356 5.06356 5.06356 5.06356 5.06356 5.06356 5.06356 4.0384 1.16338 0.174082 0.583157 5.06356 5.06356 0.877951 -0.410379 0.380826 -0.809913 0.558106 -0.0413403 -1.13466 -1.27394 -1.03025 0.38452 -0.935913 0.3808 0.20492 -0.545665 -0.474817 0.0489678 0.401558 0.466783 0.057021 0.384841 -0.0463729 0.112819 0.118721 -0.479022 0.394889 0.31369 0.713993 -0.519371 0.392361 -0.239471 -0.209383
Ha-O.3 5.06356 5.06356 5.06356 5.06356 5.06356 5.06356 5.06356 5.06356 5.06356 5.06356 5.06356 5.06356 5.06356 5.06356 0.650952 -0.314327 0.909286 0.333785 0.444896 1.24331 -0.152242 -0.39401 1.52945 0.189232 1.69999 -0.531035 0.0648692 -0.282219 -0.0680193 0.279419 -0.305686 0.345972 0.16479 0.533886 -0.108958 -0.0465643 -0.147489 -0.286118 0.0333885 0.0158367 -0.129402 -0.077438 -0.0358957 0.532528 -0.0530832 -0.106872 -0.244501 -0.474516 0.120073 -0.160589
N.2-N.4 5.06356 5.06356 5.06356 5.06356 5.06356 5.06356 5.06356 5.06356 5.06356 5.06356 5.06356 5.06356 5.06356 5.06356 1.21617 0.638923 -0.334689 0.18843 0.972034 5.06356 5.06356 1.49415 2.12137 0.370049 -0.0570794 1.2864 -0.0655401 0.683969 0.124642 -0.0196309 -0.620478 -0.0517318 -0.25755 -0.384427 -0.0525704 -0.466463 -0.56471 -0.186429 0.196232 0.532186 -0.349094 -0.578798 -0.275627 -0.269948 0.0328189 -0.320135 0.975399 -1.5882 0.688966 0.767418
N.2-N.am 5.06356 5.06356 5.06356 5.06356 5.06356 5.06356 5.06356 5.06356 5.06356 5.06356 5.06356 5.06356 5.06356 -0.796836 -1.44324 0.432291 -1.08707 -0.906875 -1.35128 -0.652719 -0.950767 -0.804017 0.445521 -0.27341 -0.370214 -0.399916 -0.288242 0.80644 -0.00824558 0.168371 0.236131 0.0163116 -0.000722314 -0.413423 -1.06028 -0.56248 -0.528861 -0.26904 0.200147 -0.189489 0.171769 -0.014994 0.378896 0.630654 0.712844 0.671331 1.69439 0.606288 0.640154 0.389286
N.2-N.ar 5.06356 5.06356 5.06356 5.06356 5.06356 5.06356 5.06356 5.06356 5.06356 5.06356 5.06356 5.06356 5.06356 5.06356 1.05695 1.12712 -0.488247 -0.583379 -0.950344 -0.767384 -0.226205 0.0209253 -0.277711 -0.240134 -0.29718 -0.490111 -0.0284231 -0.354103 -0.0840295 0.0175992 -0.0717402 -0.398934 -0.0437161 -0.256731 -0.498299 -0.54545 -0.456545 -0.0955361 -0.187114 -0.173042 -0.136832 0.0185053 0.192739 0.281882 0.662372 0.391921 0.332215 0.45926 0.367803 0.573738
N.2-N.pl3 5.06356 5.06356 5.06356 5.06356 5.06356 5.06356 5.06356 5.06356 5.06356 5.06356 5.06356 5.06356 5.06356 2.29486 -0.322714 -0.955253 -0.560722 -1.19155 -1.3977 -0.566117 -0.33206 -0.519222 -0.565479 -0.812417 -0.124248 0.101632 0.240004 -0.222763 -0.378186 -0.109623 -0.0095142 -0.0167911 -0.399143 -0.0243383 -0.336985 -0.241211 -0.0113677 -0.26354 -0.0679673 0.0902503 -0.322732 0.240005 0.313084 0.380861 0.402142 0.166608 0.713505 0.468446 0.119318 0.679919
N.2-O.2 5.06356 5.06356 5.06356 5.06356 5.06356 5.06356 5.06356 5.06356 5.06356 5.06356 5.06356 5.06356 5.06356 5.06356 3.0775 1.48896 -0.705892 -1.26708 -1.58158 -0.557971 -0.149424 -0.43576 -0.799429 -0.718671 -0.707414 -0.778087 -0.494251 0.166647 -0.207719 -0.667438 0.46162 0.959073 -0.19008 -0.106009 0.149088 0.0558701 -0.34884 -0.28824 -0.0220203 0.12163 0.513822 0.2731 0.276249 0.0585459 0.426319 -0.277834 0.184212 0.383614 0.978265 0.234692
N.2-O.3 5.06356 5.06356 5.06356 5.06356 5.06356 5.06356 5.06356 5.06356 5.06356 5.06356 1.85515 2.03698 5.06356 -0.770302 1.09006 0.281595 2.27266 0.789083 0.198044 0.444721 1.4518 0.686771 -0.403118 -0.0106515 0.119109 -0.280878 0.264739 -0.244881 -0.0202866 0.074359 -0.247377 0.105129 -0.538517 0.0905156 -0.0390549 0.0937257 -0.692908 -0.403008 -0.224936 -0.105821 -0.166464 0.00455831 -0.266243 0.0566484 -0.417949 0.248682 0.100595 0.456437 0.34332 -0.255714
N.2-O.co2 5.06356 5.06356 5.06356 5.06356 5.06356 5.06356 5.06356 5.06356 5.06356 5.06356 5.06356 5.06356 5.06356 5.06356 3.0775 0.0392578 -0.856938 0.55911 0.383002 -0.23609 -0.105576 1.60484 -0.26859 -0.38232 -0.338828 -0.478625 -0.19904 0.246623 -0.657567 1.21675 0.0149062 -0.488985 0.453495 0.206956 0.00868835 0.132717 0.556077 -0.154382 -0.258776 0.228782 0.342319 0.0400305 0.0476734 -0.124772 -0.0224531 -0.221846 -0.267423 0.120583 -0.325774 -0.121208
N.2-P.3 5.06356 5.06356 5.06356 5.06356 5.06356 5.06356 5.06356 5.06356 5.06356 5.06356 5.06356 5.06356 5.06356 5.06356 5.06356 5.06356 2.30013 -0.0274844 -0.808201 -0.982805 -0.931466 -0.11238 0.671676 1.45178 0.436501 1.61992 0.823565 -0.660883 -0.529802 0.303218 -0.452295 2.32286 -0.238962 -0.169164 1.30412 1.46584 0.461852 -0.334839 -0.295472 -0.284503 -0.323482 0.189296 0.850634 0.314527 -0.0806012 -0.544893 -0.256872 -0.575554 -0.50608 -0.688024
N.3-N.ar 5.06356 5.06356 5.06356 5.06356 5.06356 5.06356 5.06356 5.06356 5.06356 5.06356 5.06356 5.06356 5.06356 -0.72352 0.112483 5.06356 5.06356 -1.01552 5.06356 -0.681348 0.804895 5.06356 5.06356 -0.59578 0.180435 0.142768 -0.473557 -0.440107 0.283661 -0.258866 -0.0266193 0.970998 -0.247372 -0.815359 -0.233537 -0.930215 -0.344017 0.0511652 -0.142169 -0.291191 0.175841 0.358634 0.183405 0.36359 -0.143989 -0.00620506 -0.4302 0.288183 0.43521 0.714422
N.3-O.3 5.06356 5.06356 5.06356 5.06356 5.06356 5.06356 5.06356 5.06356 5.06356 5.06356 5.06356 5.06356 5.06356 5.06356 3.0775 0.40839 5.06356 -0.735075 0.70366 0.174285 -0.4187 1.06265 5.06356 1.18203 0.630973 -0.270054 0.0944793 0.456234 5.06356 0.0215326 1.06877 0.0348036 0.384939 0.340368 -0.881635 -0.716334 -0.193902 0.789348 -0.723489 -0.298748 -0.242356 -0.0299305 -0.926815 0.79137 -0.218827 -0.15997 0.485195 -0.258092 0.113815 -0.146484
N.4-N.am 5.06356 5.06356 5.06356 5.06356 5.06356 5.06356 5.06356 5.06356 5.06356 5.06356 5.06356 5.06356 5.06356 1.46954 5.06356 5.06356 1.17824 0.858264 1.02742 2.89625 1.52566 0.169889 -0.122798 -0.0756891 -0.638225 -0.73794 -0.218651 -0.772415 -0.0590402 0.218106 -0.433104 -0.300323 0.0304727 -0.0440269 0.0760911 -0.332027 0.483415 -0.935948 0.106583 0.00457232 0.107322 0.387146 0.069242 0.451841 -0.521811 -0.0690041 -0.0682833 0.234725 0.295348 -0.162846
N.4-N.ar 5.06356 5.06356 5.06356 5.06356 5.06356 5.06356 5.06356 5.06356 5.06356 5.06356 5.06356 1.6414 1.15069 -0.201125 -0.823491 -0.946045 0.66378 -0.320778 -0.640681 0.629833 0.264664 -0.574054 -0.577442 0.13967 -0.566652 -0.0607336 -0.103257 -0.551544 -0.19676 -0.320363 0.118561 0.00679225 0.426688 0.219716 0.246579 0.0629574 -0.6107 -0.385239 0.297659 -0.0965061 -0.18673 0.294142 -0.0652085 0.393391 -0.461017 -0.0350334 -0.0133643 0.409647 0.208072 0.0566565
N.4-N.pl3 5.06356 5.06356 5.06356 5.06356 5.06356 5.06356 5.06356 5.06356 5.06356 5.06356 5.06356 5.06356 5.06356 5.06356 5.06356 1.89099 1.15821 4.6025 -0.893037 -1.45914 0.531286 -0.899627 0.297089 -0.508453 -0.236747 0.544475 1.36823 -0.168451 -0.162054 0.341326 -0.516922 0.502829 -0.912602 -0.504431 0.203242 -0.432728 -0.146054 -0.33019 -0.17447 -0.182633 -0.0375652 0.0239917 -0.192762 -0.0918391 0.227875 -0.343121 0.0591358 0.456284 0.326067 0.462816
N.4-O.2 5.06356 5.06356 5.06356 5.06356 5.06356 5.06356 5.06356 5.06356 5.06356 5.06356 5.06356 3.18097 0.342553 -0.939244 -1.0624 -1.22185 -1.18209 0.226142 2.07679 -0.602308 1.01521 -0.694418 0.699985 -0.481201 -0.269071 0.553353 0.246978 0.203606 0.100836 0.680892 -0.356602 -0.208861 -0.641965 -0.0509445 -0.224354 -0.091081 -0.0409756 -0.00333536 0.229043 0.353843 0.0653386 -1.04995 0.0558292 0.336536 0.0260114 -0.131339 0.229917 -0.203545 0.389217 0.376003
N.4-O.3 5.06356 5.06356 5.06356 5.06356 5.06356 5.06356 5.06356 5.06356 5.06356 5.06356 5.06356 5.06356 2.27951 0.00228076 -0.458916 2.06573 0.351866 -0.0383228 0.605132 0.0759359 1.03107 -0.113632 -0.100274 -0.106259 -0.276008 -0.503113 -0.538574 -0.167947 -0.12273 -0.376859 -0.207753 0.127644 0.325701 -0.360202 0.228307 0.128935 -0.153812 -0.0863979 -0.0952014 -0.0893875 -0.293009 -0.132052 -0.153321 0.0652572 0.0754594 0.0304482 -0.12977 0.153827 0.0481398 -0.0436341
N.4-O.co2 5.06356 5.06356 5.06356 5.06356 5.06356 5.06356 5.06356 5.06356 5.06356 5.06356 5.06356 5.06356 -1.06436 -2.85615 -1.554 -0.536155 -0.31983 -1.10279 -0.484519 -0.421401 -0.273609 -0.179828 -0.116171 -0.624774 -0.919177 -0.480296 -0.597025 -0.138388 0.31652 0.574221 0.368109 -0.158317 -0.364194 -0.0898109 0.0396796 0.0318931 0.191617 -0.0676666 0.186165 -0.0934069 -0.0325459 0.294805 0.643019 0.289623 0.268827 0.173791 0.248378 -0.151942 -0.281874 -0.0397488
N.4-P.3 5.06356 5.06356 5.06356 5.06356 5.06356 5.06356 5.06356 5.06356 5.06356 5.06356 5.06356 5.06356 5.06356 5.06356 5.06356 5.06356 -0.228565 -1.1658 -1.22358 -2.10363 -1.85688 -1.51732 0.0472125 -0.161583 -0.147452 1.02253 1.07077 -1.39222 -0.617084 -0.303379 -0.890072 -1.64634 1.03754 0.531147 0.260176 -0.0393023 0.148857 1.09285 -0.204241 -0.362931 -0.621072 -0.174015 -0.0203353 0.950769 -0.155539 0.438265 0.1 -0.0227453 0.432716 0.824364
N.am-N.am 5.06356 5.06356 5.06356 5.06356 5.06356 5.06356 5.06356 5.06356 5.06356 5.06356 5.06356 5.06356 5.06356 0.534082 5.06356 5.06356 0.93379 -0.333375 -0.605918 -0.854344 -0.604617 -0.918149 -0.564056 -0.21301 -1.23359 -1.06619 -0.097299 -0.018707 1.04715 -0.269756 -0.341608 0.0165033 1.71532 0.406686 0.0993265 0.222198 -0.249527 -0.67825 -0.692802 -0.00896622 -0.204641 0.316354 0.049798 0.0637276 0.189078 -0.156747 0.437126 0.374306 0.712918 0.935028
N.am-N.ar 5.06356 5.06356 5.06356 5.06356 5.06356 5.06356 5.06356 5.06356 5.06356 5.06356 5.06356 5.06356 2.07269 0.502814 -0.708367 1.99347 0.137674 -0.464645 -1.00195 -0.686762 -0.524497 -0.334802 -0.146384 -0.32708 -0.813261 -0.665945 -0.231566 0.0644457 -0.116318 -0.25072 0.16746 -0.253138 0.022647 -0.336964 -0.442924 -0.306625 -0.238039 -0.0784256 -0.184696 0.0385888 0.109259 0.100618 0.128685 0.430431 0.0909549 0.0626947 0.589241 0.473891 0.500048 0.421432
N.am-N.pl3 5.06356 5.06356 5.06356 5.06356 5.06356 5.06356 5.06356 5.06356 5.06356 5.06356 5.06356 5.06356 2.47329 4.04704 0.92021 0.350966 0.060044 -0.520118 -1.34213 -0.977757 -0.435244 -0.41761 -0.515065 -0.249098 -0.530963 -0.746951 0.0314374 -0.0297349 -0.562587 -0.299274 0.12378 0.169659 -0.0183703 0.0128222 -0.145769 0.117217 -0.385724 -0.16505 0.13063 -0.218383 0.0773519 0.238182 0.540768 0.396176 -0.0467645 0.159717 0.230952 0.395459 0.166829 0.198697
N.am-O.2 5.06356 5.06356 5.06356 5.06356 5.06356 5.06356 5.06356 5.06356 5.06356 5.06356 5.06356 5.06356 0.896082 0.385595 -0.923232 0.21452 -0.0851573 -0.396111 -0.681537 -0.121855 0.0987707 -0.459378 -0.419716 0.0934228 -0.520415 -0.383499 0.0957013 -0.20365 -0.386709 -0.445758 -0.582107 -0.0747577 0.550367 -0.107569 -0.136286 -0.374486 -0.0622006 -0.104125 -0.174531 -0.293482 0.0916793 0.133896 -0.158511 -0.137023 0.10478 0.654076 0.210123 0.0432765 0.639172 0.648942
N.am-O.3 5.06356 5.06356 5.06356 5.06356 5.06356 5.06356 5.06356 5.06356 5.06356 5.06356 5.06356 5.06356 2.64267 0.242694 0.8065 1.27854 0.494869 0.24305 0.575748 0.555743 -0.110418 1.20984 0.444292 -0.103109 0.124829 -0.195661 -0.11989 -0.111343 -0.327292 -0.150708 -0.430803 -0.295249 -0.393612 -0.374577 -0.110216 -0.244377 0.00858139 -0.111456 0.524261 0.0451517 0.189031 0.0311253 0.0113524 0.0639949 -0.287369 -0.159274 0.1101 -0.172473 -0.0867179 0.298604
N.am-O.co2 5.06356 5.06356 5.06356 5.06356 5.06356 5.06356 5.06356 5.06356 5.06356 5.06356 5.06356 1.531 1.78481 -0.713607 -0.15199 0.164697 0.7957 -0.128144 0.606623 0.384981 0.738466 0.075458 0.904044 0.297676 -0.0503559 -0.38522 0.243508 0.491154 0.325773 0.0458146 0.555168 -0.0251447 0.3821 0.232554 -0.0237122 -0.107248 -0.0474934 0.211869 -0.243576 0.06948 -0.00526458 -0.272739 -0.0713531 -0.0253766 -0.272662 -0.0550967 -0.319635 -0.102644 -0.104483 -0.0373417
N.am-P.3 5.06356 5.06356 5.06356 5.06356 5.06356 5.06356 5.06356 5.06356 5.06356 5.06356 5.06356 5.06356 5.06356 5.06356 5.06356 5.06356 2.30013 -0.724077 -0.548581 -0.507697 -0.355431 1.77823 1.84107 5.06356 2.61627 0.985327 1.10309 1.08307 0.670309 -0.188982 -0.35999 0.305324 0.28721 1.35393 0.362903 0.354851 -0.215298 -0.143422 0.00207556 -0.466139 0.606627 -0.726613 0.441612 -0.380743 -0.598678 -0.0925091 -0.543658 -0.000745135 -0.0668836 -0.282412
N.ar-N.ar 5.06356 5.06356 5.06356 5.06356 5.06356 5.06356 5.06356 5.06356 5.06356 5.06356 5.06356 5.06356 5.06356 0.651194 3.85521 0.697691 -0.447555 -0.743926 -0.889705 -0.608688 -0.580468 -0.648635 -0.3263 -0.652021 -0.42948 -0.0708562 0.0927552 0.251349 0.287066 -0.00296201 0.0524492 0.200299 -0.0668887 -0.222195 -0.271724 -0.323922 -0.399469 -0.263975 -0.13286 -0.0670806 0.045392 0.0734864 -0.0867741 0.19457 0.397467 0.168365 0.238346 0.185347 0.269612 0.454187
N.ar-N.pl3 5.06356 5.06356 5.06356 5.06356 5.06356 5.06356 5.06356 5.06356 5.06356 5.06356 5.06356 5.06356 5.06356 1.1423 0.365138 0.394967 0.309785 -0.444954 -0.398338 -0.561808 -0.337451 -0.552047 -0.41714 -0.499025 -0.508293 -0.645008 -0.177618 -0.0473128 -0.113877 -0.101702 0.097896 -0.146011 -0.195712 -0.414137 -0.360557 -0.516506 -0.208504 -0.172754 -0.0684985 0.185806 0.103667 -0.0732668 0.0890641 0.443176 0.347958 0.195971 0.346731 0.346325 0.392856 0.258706
N.ar-O.2 5.06356 5.06356 5.06356 5.06356 5.06356 5.06356 5.06356 5.06356 5.06356 5.06356 5.06356 5.06356 0.881698 1.53007 -0.125949 -0.0482934 -0.552018 -1.0061 -1.10582 -0.530912 -0.441106 -0.559471 -0.131652 -0.588871 -0.58265 -0.500438 -0.429079 0.0548535 -0.0433184 -0.173216 0.120517 -0.00292954 0.0424914 -0.198444 -0.307471 -0.400779 -0.556861 -0.362701 -0.0967709 0.0218525 0.0658195 0.325101 0.141394 0.285002 0.192158 0.498914 0.532282 0.62152 0.404004 0.426386
N.ar-O.3 5.06356 5.06356 5.06356 5.06356 5.06356 5.06356 5.06356 5.06356 5.06356 5.06356 5.06356 5.06356 3.18026 0.501189 0.256349 1.42168 1.1455 0.396709 0.392891 0.285751 0.426809 0.48934 0.537967 0.312496 0.133312 0.203013 0.108693 -0.0104977 0.102825 -0.247277 -0.107535 -0.0529846 0.0657026 -0.0547601 -0.140256 -0.0769398 -0.1388 -0.00711912 -0.120248 -0.243618 -0.254516 0.0141114 -0.0240873 -0.10861 -0.124278 -0.00429762 -0.037778 -0.117467 -0.0335731 0.0534917
N.ar-O.co2 5.06356 5.06356 5.06356 5.06356 5.06356 5.06356 5.06356 5.06356 5.06356 5.06356 5.06356 5.06356 5.06356 2.84728 5.06356 3.81017 1.85916 0.807956 1.24525 1.01171 1.54112 1.17055 1.02613 1.22262 0.687667 0.652811 0.183654 0.379137 0.287937 0.325024 0.227221 -0.000988004 0.216995 0.0717523 0.0124703 -0.143518 -0.284518 -0.301027 -0.158266 -0.202524 -0.0407871 -0.248168 -0.349456 -0.131605 -0.10951 -0.169559 -0.209283 -0.123098 -0.251146 -0.161643
N.ar-P.3 5.06356 5.06356 5.06356 5.06356 5.06356 5.06356 5.06356 5.06356 5.06356 5.06356 5.06356 5.06356 5.06356 5.06356 5.06356 5.06356 2.30013 -0.0274844 -0.808201 2.72754 5.06356 1.50409 3.01369 0.00188139 1.79803 1.16952 0.829829 0.268655 1.0814 0.660013 -0.374406 0.223774 0.37111 -0.165532 -0.0654338 -0.0188272 0.0940778 -0.0532964 -0.0319941 -0.266782 -0.263395 -0.19347 -0.170152 0.14771 -0.459127 -0.308229 -0.304844 -0.222141 -0.382642 -0.442064
N.ar-S.3 5.06356 5.06356 5.06356 5.06356 5.06356 5.06356 5.06356 5.06356 5.06356 5.06356 5.06356 5.06356 5.06356 5.06356 5.06356 5.06356 1.12203 0.471712 -0.492423 0.688086 0.811094 -0.191922 -0.611772 -0.301738 -0.443011 -0.360088 0.631677 -0.210556 -0.362266 -0.134696 1.60595 -0.542599 0.123602 0.155024 -0.267871 -0.131753 0.866479 0.51414 -0.326151 -0.383285 -0.224836 -0.49079 0.272905 0.000133529 0.973386 -0.0790375 -0.529812 -0.359274 0.336343 0.494945
N.pl3-N.pl3 5.06356 5.06356 5.06356 5.06356 5.06356 5.06356 5.06356 5.06356 5.06356 5.06356 5.06356 5.06356 5.06356 0.13963 2.67562 1.03592 -0.744841 -0.681011 -1.07135 -1.04234 -0.555844 -0.231968 -0.669641 -0.443409 -0.383528 -0.0113879 -0.56549 -0.0262165 0.0824939 0.251147 -0.191348 -0.138155 -0.275799 -0.348757 -0.365657 -0.414695 -0.276847 -0.388553 -0.106641 0.238156 -0.267581 -0.0547044 0.0540641 0.38681 0.301771 0.148297 0.526641 0.248878 0.360871 1.3799
N.pl3-O.2 5.06356 5.06356 5.06356 5.06356 5.06356 5.06356 5.06356 5.06356 5.06356 5.06356 5.06356 5.06356 0.60569 -0.623861 -1.5504 -1.18961 -0.771654 -0.606252 -0.932474 -0.282204 0.0513981 0.0734974 -0.00684758 -0.00232025 -0.325536 -0.472828 -0.452754 -0.313367 -0.133237 -0.37348 -0.185521 0.0126481 0.119946 -0.112341 -0.0675048 -0.230179 -0.4417 -0.192879 -0.216868 0.111015 0.0946545 0.117972 0.263275 0.37257 0.546822 0.739898 0.175381 0.124569 0.484651 0.208607
N.pl3-O.3 5.06356 5.06356 5.06356 5.06356 5.06356 5.06356 5.06356 5.06356 5.06356 5.06356 5.06356 3.47794 5.06356 0.321262 -0.571368 0.413109 0.119091 0.226026 0.759758 0.026206 0.224254 0.18803 0.298778 0.197181 -0.0773432 0.0296085 -0.205627 -0.111966 0.0252332 -0.0425025 0.111547 -0.135266 -0.00787878 0.0978162 -0.271232 -0.105755 -0.153469 -0.127773 -0.187741 -0.0999906 0.00259155 -0.0900923 -0.0232347 -0.251456 -0.0867228 0.0110169 -0.120036 0.25393 0.000193227 0.191449
N.pl3-O.co2 5.06356 5.06356 5.06356 5.06356 5.06356 5.06356 5.06356 5.06356 5.06356 5.06356 5.06356 5.06356 1.87767 -0.983052 -0.783542 -0.699738 -0.57238 0.354824 0.405467 0.079802 -0.233739 -0.371838 0.109781 -0.0437017 -0.241625 -0.205581 0.314481 0.257753 0.380918 0.374734 0.251853 0.0393358 0.346483 0.133147 0.0852905 -0.03016 -0.205886 -0.0136555 0.544696 0.313835 -0.19762 0.185483 -0.144548 -0.056893 -0.0494978 -0.0971598 -0.24585 -0.051313 -0.151071 -0.175572
N.pl3-P.3 5.06356 5.06356 5.06356 5.06356 5.06356 5.06356 5.06356 5.06356 5.06356 5.06356 5.06356 5.06356 5.06356 5.06356 5.06356 5.06356 -0.116083 0.64014 0.0372242 -0.718351 -0.884284 -0.420234 1.04043 -0.0440154 -0.105156 0.300375 -0.0190284 0.304893 0.626375 -0.505422 -0.33604 0.170971 0.495473 -0.197161 0.0274799 0.919388 0.713599 0.32821 0.0902777 -0.450137 -0.329467 -0.427327 -0.00838497 0.0671398 -0.258469 -0.173277 0.189038 0.114005 -0.250449 -0.242217
O.2-O.2 5.06356 5.06356 5.06356 5.06356 5.06356 5.06356 5.06356 5.06356 5.06356 5.06356 5.06356 0.668101 0.668987 5.06356 -0.281357 5.06356 0.189955 -0.49056 -0.79399 -0.476728 -0.74862 -0.483059 -0.161877 0.758279 0.186057 -0.321211 -0.72192 -0.482988 0.261946 -0.290449 -0.431001 -0.238228 0.00716104 -0.25711 0.0524309 -0.0941976 -0.420234 -0.491977 0.223614 0.351631 -0.189361 0.0289013 0.135811 -0.20253 -0.0614058 1.30922 -0.229242 -0.0951803 0.444359 0.907803
O.2-O.3 5.06356 5.06356 5.06356 5.06356 5.06356 5.06356 5.06356 5.06356 5.06356 5.06356 5.06356 3.38631 2.99941 0.974712 0.589314 0.542537 0.466596 0.36061 -0.277053 -0.396971 -0.279377 -0.372036 -0.477888 -0.00192536 -0.137989 -0.119949 0.209688 -0.368623 0.538788 -0.143838 0.861349 0.189134 0.491579 -0.388192 0.0974705 -0.221576 0.0525031 -0.131031 -0.0600441 0.0494857 -0.329227 -0.000729932 -0.340934 0.111869 0.0272821 -0.214499 0.245929 -0.0622045 0.0501497 -0.0312241
O.2-O.co2 5.06356 5.06356 5.06356 5.06356 5.06356 5.06356 5.06356 5.06356 5.06356 5.06356 5.06356 5.06356 1.86362 0.101278 0.140634 -0.396095 0.618797 -0.285631 0.137662 -0.287057 0.372838 -0.226479 -0.490379 -0.142186 0.386965 -0.140357 -0.718862 0.335234 -0.250028 -0.365911 0.420771 0.0786129 -0.0158961 -0.270228 -0.205775 -0.0438949 -0.127714 -0.111906 0.125983 0.478984 0.515248 -0.108469 -0.0351505 0.338503 -0.0268805 -0.301052 -0.0343697 0.134884 -0.108852 -0.0330374
O.2-P.3 5.06356 5.06356 5.06356 5.06356 5.06356 5.06356 5.06356 5.06356 5.06356 5.06356 5.06356 5.06356 5.06356 5.06356 4.5434 1.31309 0.145724 1.50475 0.309337 -0.51206 0.142652 -0.909204 -1.37087 -0.52907 0.840517 0.786602 0.179744 -0.343492 -0.0990409 0.266442 -0.396259 0.425009 0.0954038 0.116641 0.0459894 0.0348937 0.148909 0.935529 0.266419 -0.543296 -0.120693 -0.387791 0.229649 -0.28325 0.0547293 -0.0280697 0.305604 -0.134767 -0.451473 -0.0878861
O.3-O.3 5.06356 5.06356 5.06356 5.06356 5.06356 5.06356 5.06356 5.06356 5.06356 5.06356 5.06356 1.03576 0.213317 -0.0311833 0.52402 0.650625 0.0623602 0.435064 -0.280389 0.0700725 0.61185 0.990414 -0.439447 -0.307235 0.0947959 0.18027 0.123331 -0.225289 -0.161021 0.0895925 -0.0779492 -0.19356 0.519906 0.276357 -0.210491 0.0584131 -0.134575 -0.00726971 -0.0643253 -0.0855657 -0.0295656 -0.181325 -0.285234 -0.0151386 0.0618858 0.140614 0.142914 -0.298411 -0.141699 -0.239981
O.3-O.co2 5.06356 5.06356 5.06356 5.06356 5.06356 5.06356 5.06356 5.06356 5.06356 5.06356 5.06356 1.41286 0.291593 -0.033808 1.03042 1.03035 1.49031 0.280743 0.436156 0.396878 0.490499 1.00247 -0.356269 0.203361 0.0261367 0.369792 -0.110667 0.362653 0.138107 0.263254 -0.100321 0.0481431 0.0767928 0.0580491 0.284597 0.049083 -0.0835827 -0.139877 -0.165731 -0.0143745 0.0988222 -0.240415 -0.132194 0.0946621 -0.101138 -0.130636 -0.313958 -0.242012 -0.211626 0.0115147
O.3-P.3 5.06356 5.06356 5.06356 5.06356 5.06356 5.06356 5.06356 5.06356 0.617211 5.06356 5.06356 5.06356 5.06356 5.06356 2.39803 3.19901 0.469186 0.333623 -0.552199 0.592351 -0.314486 -0.0652907 1.49347 -0.197906 -0.0289974 -0.00348348 -0.124982 0.675349 0.400269 0.0451063 -0.356688 -0.0805844 0.0162405 0.2368 -0.32252 -0.388749 -0.189427 0.393424 -0.247404 0.0214332 0.44019 -0.203079 -0.0525631 -0.316374 -0.48745 0.177413 -0.159868 -0.211621 -0.0761654 -0.0934992
O.3-S.3 5.06356 5.06356 5.06356 5.06356 5.06356 5.06356 5.06356 5.06356 5.06356 5.06356 5.06356 5.06356 5.06356 5.06356 0.65675 5.06356 5.06356 5.06356 -0.242428 -0.424872 1.3491 0.751195 0.43652 -0.351873 -0.240318 0.358492 0.358387 -0.00947755 -0.35795 0.913777 0.0641577 0.234094 -0.500277 -0.153685 -0.386419 0.367791 -0.269432 -0.440956 -0.535126 -0.0613202 -0.194958 -0.237827 -0.0269206 0.522347 -0.192267 0.170955 0.201314 -0.267574 -0.0663455 0.158486
O.co2-O.co2 5.06356 5.06356 5.06356 5.06356 5.06356 5.06356 5.06356 5.06356 5.06356 5.06356 5.06356 5.06356 5.06356 1.81082 0.209277 1.98976 1.32014 1.78064 2.11733 -0.218555 1.58542 0.680499 0.0936551 1.08045 0.745484 0.608278 0.637147 -0.156246 0.499622 0.882796 0.480258 0.0605845 0.413722 0.183589 0.215897 -0.190518 -0.18485 -0.123903 -0.0891815 0.0623952 -0.220293 -0.367789 -0.153286 -0.436566 -0.408631 -0.0145211 -0.287928 -0.159016 -0.254046 -0.214259
O.co2-P.3 5.06356 5.06356 5.06356 5.06356 5.06356 5.06356 5.06356 5.06356 5.06356 5.06356 5.06356 5.06356 5.06356 5.06356 4.5434 1.31309 0.145724 -0.245004 -0.342209 -0.332701 2.26621 0.386353 -0.489548 1.72924 0.134726 2.07854 1.13709 0.456459 0.436617 0.272433 0.165498 0.31137 0.301494 0.0529789 -0.27104 0.0934817 -0.106603 -0.164285 -0.404658 -0.206988 -0.496701 -0.364568 -0.440232 -0.392116 -0.217191 -0.0787288 0.0241273 -0.158238 -0.342919 0.124844
