C.2-C.2 5.06356 5.06356 5.06356 5.06356 5.06356 5.06356 5.06356 5.06356 5.06356 5.06356 5.06356 5.06356 5.06356 5.06356 1.4539 0.221448 -0.411665 -0.341613 -0.382557 -0.351373 -0.82563 -0.913002 -0.272487 -0.496632 -0.573159 0.0561629 0.31392 -0.059237 0.0153981 -0.0482143 0.137031 -0.126774 -0.0734582 -0.395576 -0.00114924 -0.442787 -0.227624 -0.00647871 -0.111281 0.0287327 0.00552394 0.1821 -0.0505924 0.103396 -0.0140381 0.235988 0.296856 0.0493781 0.282484 0.361796
C.2-C.3 5.06356 5.06356 5.06356 5.06356 5.06356 5.06356 5.06356 5.06356 5.06356 5.06356 5.06356 5.06356 5.06356 4.27565 3.72536 3.58821 1.02953 0.822035 0.323929 0.0543975 -0.207855 -0.161793 -0.032557 -0.0248909 0.24819 0.235051 0.316003 0.161097 0.100196 0.168021 -0.0871146 0.115363 -0.0364427 0.00329926 -0.138003 -0.140785 -0.196786 -0.182821 -0.14459 -0.113046 -0.196407 -0.00594497 -0.00511529 -0.190019 -0.132682 -0.113726 0.0179194 -0.014728 -0.0171436 -0.0965789
C.2-C.ar 5.06356 5.06356 5.06356 5.06356 5.06356 5.06356 5.06356 5.06356 5.06356 5.06356 5.06356 5.06356 5.06356 5.06356 1.97854 -0.138496 -0.212377 -0.775875 -0.694122 -0.601206 -0.570803 -0.456554 -0.365509 -0.297915 -0.169744 0.145894 -0.112944 0.23954 -0.0932236 -0.24425 -0.218625 -0.111643 -0.0476601 -0.164128 -0.160063 -0.306148 -0.2285 -0.291527 -0.362753 -0.102307 0.0236531 -0.044523 0.0646606 0.319428 0.231496 0.232415 0.394593 0.324447 0.291247 0.154356
C.2-C.cat 5.06356 5.06356 5.06356 5.06356 5.06356 5.06356 5.06356 5.06356 5.06356 5.06356 5.06356 5.06356 5.06356 5.06356 2.40461 0.747043 -0.728871 -0.430068 -2.5177 -0.067623 -0.392762 0.312081 1.67976 0.42784 -1.07249 1.12666 -0.430632 0.0909593 2.29479 1.50014 0.0270135 0.0292759 -0.183333 -1.23751 0.195388 -0.440706 -0.161355 -1.32135 -0.0194354 -0.246092 -1.0057 0.616626 -0.419483 0.556813 0.289435 -1.30543 0.572059 0.533032 1.23161 -0.295588
C.2-Ha 5.06356 5.06356 5.06356 5.06356 5.06356 5.06356 5.06356 5.06356 5.06356 5.06356 5.06356 5.06356 5.06356 0.405861 5.06356 0.682653 0.131529 -1.34039 -0.109851 0.870915 -1.02815 1.35562 0.363265 -0.664424 -0.489541 0.0798658 -0.070626 0.052967 -0.287085 0.177374 -0.233546 0.330561 -0.0324726 -0.07185 -0.264127 -0.572496 0.0106627 0.0581883 0.442556 0.084029 -0.27247 -0.354728 -0.0661899 0.0487842 0.767233 0.269717 0.121887 -0.0070405 0.290537 -0.239747
C.2-N.2 5.06356 5.06356 5.06356 5.06356 5.06356 5.06356 5.06356 5.06356 5.06356 5.06356 5.06356 5.06356 5.06356 1.95018 2.09303 0.672976 -0.833039 -1.26975 -1.57721 -1.07875 -0.811125 -0.358796 -0.347083 -0.400732 -0.728844 -0.77593 -0.173416 -0.671326 0.14489 0.0598065 0.0444198 0.202263 -0.137933 -0.240631 -0.313085 -0.447015 -0.418033 -0.118811 -0.120853 0.0954496 0.228409 0.275619 0.206338 0.565089 0.656706 0.465923 0.61176 0.221087 0.710405 0.311487
C.2-N.3 5.06356 5.06356 5.06356 5.06356 5.06356 5.06356 5.06356 5.06356 5.06356 5.06356 5.06356 5.06356 5.06356 5.06356 5.06356 2.05161 -1.11485 -1.41841 -1.29127 -1.0851 -0.0170249 -1.27807 -0.206425 -0.89433 0.775633 -1.10616 -0.232632 0.528754 -0.699231 -0.573875 -0.0525239 -0.617825 -0.140466 -0.481159 0.161986 -0.949217 1.6331 0.238972 -0.412673 -0.363619 -0.118842 0.311087 0.888378 0.048674 -0.521638 0.584942 0.00133848 1.97969 1.08252 0.924529
C.2-N.4 5.06356 5.06356 5.06356 5.06356 5.06356 5.06356 5.06356 5.06356 5.06356 5.06356 5.06356 5.06356 5.06356 1.62015 2.05971 5.06356 -0.367341 1.70788 0.379869 1.06126 0.278552 -0.00354787 0.91601 0.184091 -0.35845 0.826835 0.187127 0.012756 -0.327643 0.47355 -0.171517 -0.714699 0.0966929 -0.184897 -0.432615 0.47473 0.119094 -0.00293119 -0.315826 -0.137106 -0.799011 0.266005 -0.092844 0.193125 0.126682 0.437024 -0.88979 0.126734 -0.234379 -0.00835106
C.2-N.am 5.06356 5.06356 5.06356 5.06356 5.06356 5.06356 5.06356 5.06356 5.06356 5.06356 5.06356 5.06356 5.06356 2.34516 2.50301 0.541907 -0.256697 -0.85699 -1.02144 -0.761223 -0.700025 -0.484983 -0.246289 0.02029 0.218305 -0.355941 -0.189631 -0.473626 -0.163401 -0.197155 -0.24636 0.338955 0.268694 0.0391655 -0.334022 -0.197649 -0.239705 -0.285222 -0.188041 -0.191386 0.271483 -0.103422 -0.0324354 -0.160552 0.548009 0.327498 -0.197546 0.398297 0.815827 0.435841
C.2-N.ar 5.06356 5.06356 5.06356 5.06356 5.06356 5.06356 5.06356 5.06356 5.06356 5.06356 5.06356 5.06356 5.06356 5.06356 5.06356 0.130047 -0.0417744 -0.635195 -0.621685 -0.724883 -0.63224 -0.451057 -0.353804 -0.125045 -0.270582 -0.450242 -0.169577 -0.341335 -0.0243743 -0.0327535 0.0735758 0.131561 0.0265847 -0.0872505 -0.268335 -0.259377 -0.467648 -0.286101 -0.297956 0.00226106 -0.0385716 -0.0113243 0.100546 0.236023 0.0634023 0.128355 0.37467 0.396362 0.391707 0.407021
C.2-N.pl3 5.06356 5.06356 5.06356 5.06356 5.06356 5.06356 5.06356 5.06356 5.06356 5.06356 5.06356 5.06356 5.06356 3.10673 1.43731 -0.504272 -0.479007 -0.520952 -1.36733 -0.746125 -0.721142 -0.47488 -0.478886 -0.247803 -0.521747 -0.287313 -0.200681 0.000756421 -0.158083 -0.461737 -0.254983 -0.0597759 0.0755602 -0.191204 -0.335764 -0.0215152 -0.153169 -0.0128569 -0.227899 0.106543 0.0739875 0.0745117 0.100006 0.3201 0.424935 0.371971 0.415576 0.383974 0.266737 0.118002
C.2-O.2 5.06356 5.06356 5.06356 5.06356 5.06356 5.06356 5.06356 5.06356 5.06356 5.06356 5.06356 5.06356 5.06356 2.56175 2.98021 -0.459949 0.172336 0.101959 -0.730553 -0.538129 -0.0796682 0.27254 -0.402733 0.0233153 -0.795228 -0.684497 -0.120395 -0.480301 0.119471 -0.0899892 -0.0623966 -0.183508 0.442863 -0.0962056 -0.0934839 -0.41632 -0.0101097 -0.431951 -0.210042 -0.330085 -0.0514414 -0.0721028 -0.105629 0.170045 0.545016 0.00716735 0.197875 0.526778 0.539956 0.18364
C.2-O.3 5.06356 5.06356 5.06356 5.06356 5.06356 5.06356 5.06356 5.06356 5.06356 5.06356 5.06356 5.06356 3.3986 5.06356 0.143755 0.0639227 -0.0579741 0.351811 0.318626 -0.0967462 0.708881 0.821906 0.559549 0.682301 0.538579 0.248611 -0.175597 0.0536182 -0.0012607 0.491157 0.10588 0.271701 0.21815 0.0423565 -0.00897323 -0.161543 -0.289171 -0.684778 -0.120826 0.0290341 -0.0405312 0.0969174 0.0384801 -0.00150983 0.00620443 0.0587492 -0.274534 -0.510675 -0.0493366 -0.13979
C.2-O.co2 5.06356 5.06356 5.06356 5.06356 5.06356 5.06356 5.06356 5.06356 5.06356 5.06356 5.06356 5.06356 5.06356 4.0384 2.94591 0.047289 -0.256982 -0.164852 -0.257547 -0.769079 -0.0319764 0.414398 0.327637 0.691626 0.624881 -0.264674 0.0734077 -0.0281647 0.00211942 -0.00354073 -0.128553 0.175156 0.339588 0.275994 0.376678 0.162868 -0.0667765 0.0684316 0.191291 -0.165507 -0.450664 -0.267384 -0.225724 0.267209 0.0780051 -0.137227 -0.00748197 -0.192844 -0.0902754 -0.261543
C.2-P.3 5.06356 5.06356 5.06356 5.06356 5.06356 5.06356 5.06356 5.06356 5.06356 5.06356 5.06356 5.06356 5.06356 5.06356 5.06356 2.76153 0.85963 0.127322 2.44701 0.431128 0.0353133 -0.206876 -0.479363 -0.533768 -0.0191093 0.182524 0.526478 0.872427 0.67605 0.373383 0.303059 0.218371 -0.0919531 -0.0989213 -0.383723 -0.468611 -0.321913 -0.238627 0.717675 0.103399 -0.0894035 -0.076483 -0.0512051 -0.248522 -0.124458 -0.415506 -0.142233 -0.29273 0.128859 0.0171778
C.2-S.3 5.06356 5.06356 5.06356 5.06356 5.06356 5.06356 5.06356 5.06356 5.06356 5.06356 5.06356 5.06356 5.06356 5.06356 -0.0929004 5.06356 5.06356 -0.341141 1.08735 5.06356 1.46118 -1.11092 -1.38197 -0.714344 0.367138 -0.351192 0.0119282 0.594779 -0.781753 -0.207598 -1.02604 0.164432 -0.653727 -0.328304 0.208354 -0.420093 0.240825 0.355264 -0.00838234 0.914954 0.637193 0.354951 0.183362 -0.339481 -0.140689 0.471534 -0.123448 0.0491436 0.214779 0.173662
C.3-C.3 5.06356 5.06356 5.06356 5.06356 5.06356 5.06356 5.06356 5.06356 5.06356 5.06356 5.06356 5.06356 5.06356 5.06356 3.60015 2.18467 0.635562 -0.355002 -0.1828 0.0765289 0.0663831 0.104018 -0.555275 -0.2878 -0.312459 -0.187996 -0.0641351 -0.209545 -0.0473573 -0.0630476 -0.325191 0.0812114 -0.0691795 0.0400877 -0.141872 -0.126095 -0.191167 0.167629 -0.100416 -0.0150758 -0.029907 -0.308033 -0.0734175 -0.0987811 0.00198201 -0.196122 -0.178528 -0.0803497 -0.172132 0.0265778
C.3-C.ar 5.06356 5.06356 5.06356 5.06356 5.06356 5.06356 5.06356 5.06356 5.06356 5.06356 5.06356 5.06356 5.06356 5.06356 5.06356 2.45472 0.0757554 0.603649 0.184592 0.047221 -0.225957 -0.578399 -0.247609 -0.187316 -0.0992913 -0.139103 -0.175692 0.0913709 0.0762898 -0.190781 0.0491008 -0.217626 0.0624647 -0.00359102 0.110226 0.00623283 -0.0129009 -0.0322437 -0.0359729 0.0637082 -0.149371 -0.134129 0.00970404 -0.0327911 -0.150239 -0.0511979 -0.153014 0.0553777 -0.0764501 -0.0092793
C.3-C.cat 5.06356 5.06356 5.06356 5.06356 5.06356 5.06356 5.06356 5.06356 5.06356 5.06356 5.06356 5.06356 5.06356 5.06356 2.40461 0.747043 0.135675 -0.0780877 -0.139147 -0.14298 -4.48933 -1.16196 -1.18746 -0.874684 -0.656213 -0.661662 -0.526196 -0.708108 -1.2912 -0.533303 0.0799354 -0.402415 -0.513972 1.18522 0.150647 1.10279 1.6385 -0.340353 0.298239 1.42269 -0.563992 -0.913474 0.0473774 0.827056 0.537415 -1.655 -0.0896726 -0.202209 0.252891 -0.0732562
C.3-Ha 5.06356 5.06356 5.06356 5.06356 5.06356 5.06356 5.06356 5.06356 5.06356 5.06356 5.06356 5.06356 5.06356 5.06356 0.904476 5.06356 0.0643934 1.26152 -0.582904 -0.0076231 0.093149 -0.140385 0.979056 0.20554 0.520426 -0.280636 1.41714 -0.458237 -0.7266 0.532836 0.082406 -0.06683 -0.0478931 0.311446 -0.00741959 0.096516 0.0385455 0.210674 -0.504327 -0.713136 0.172525 0.292264 -0.243216 0.0621491 -0.0443772 -0.109166 -0.17297 -0.177062 0.880991 -0.270596
C.3-N.2 5.06356 5.06356 5.06356 5.06356 5.06356 5.06356 5.06356 5.06356 5.06356 5.06356 5.06356 5.06356 5.06356 5.06356 5.06356 -1.44077 2.73947 1.9218 0.66003 0.381424 0.231023 -0.600583 -0.473132 0.251043 -0.624025 -0.612495 -0.332502 -0.342972 -0.632703 -0.233623 -0.185459 -0.447356 -0.161131 -0.254597 -0.422429 0.244882 -0.0431264 -0.374841 0.194031 -0.107711 -0.492728 -0.0404917 0.126217 0.371281 -0.0482479 -0.0283249 0.139677 0.0168612 -0.0527265 0.146648
C.3-N.3 5.06356 5.06356 5.06356 5.06356 5.06356 5.06356 5.06356 5.06356 5.06356 5.06356 5.06356 5.06356 5.06356 5.06356 5.06356 2.05161 0.124242 -1.09761 5.06356 1.81071 -0.400486 -0.686001 -0.928563 5.06356 0.139057 0.219044 0.676131 -0.163492 -1.50932 0.733588 1.47923 1.02873 -0.643492 -0.0672777 0.945235 -0.225809 -0.213173 -0.276774 -0.211007 -0.911268 -1.05846 -0.179537 0.134904 -0.0698611 0.0549141 -0.525798 -0.0366278 0.719823 0.387922 -0.0853609
C.3-N.4 5.06356 5.06356 5.06356 5.06356 5.06356 5.06356 5.06356 5.06356 5.06356 5.06356 5.06356 5.06356 5.06356 2.04641 5.06356 2.32547 0.188456 2.46452 1.08553 0.177649 0.0797148 -0.111424 0.0499779 0.056761 -0.0794343 -0.141553 0.149506 0.460446 -0.881084 -0.352091 0.459722 -0.121603 0.821595 0.0304529 -0.279638 0.0641606 0.0163335 0.392601 -0.180206 0.311241 -0.204312 -0.0868672 -0.519395 -0.104577 -0.382945 0.234353 -0.329159 -0.279265 -0.145151 -0.330148
C.3-N.am 5.06356 5.06356 5.06356 5.06356 5.06356 5.06356 5.06356 5.06356 5.06356 5.06356 5.06356 5.06356 5.06356 5.06356 3.32514 1.54809 1.45478 0.729767 0.608044 -0.128285 -0.497121 -0.777116 -0.837378 -0.550293 -0.861458 -0.967203 -0.40046 -0.253482 -0.0323891 0.159167 -0.0917287 -0.197633 0.449971 -0.0221618 0.00611481 -0.409493 0.181619 0.0271574 -0.0414549 0.17168 -0.00123022 -0.0367554 -0.176944 -0.195673 0.181311 -0.0808862 0.0740295 0.128296 -0.0145541 -0.192671
C.3-N.ar 5.06356 5.06356 5.06356 5.06356 5.06356 5.06356 5.06356 5.06356 5.06356 5.06356 5.06356 5.06356 4.18897 4.30786 1.70071 -0.448756 0.193663 0.807697 0.0596601 0.0269466 -0.105751 -0.250737 -0.209343 -0.323036 -0.117908 0.0298885 -0.142575 0.0351943 -0.136128 0.113863 -0.0396072 -0.0804333 0.178847 0.229471 -0.247223 -0.134058 0.0613201 0.0774053 -0.116037 -0.117639 -0.238224 -0.266032 0.0473959 -0.127852 -0.0580731 0.0285398 -0.130653 0.0223828 0.0902214 0.0612703
C.3-N.pl3 5.06356 5.06356 5.06356 5.06356 5.06356 5.06356 5.06356 5.06356 5.06356 5.06356 5.06356 5.06356 5.06356 5.06356 -2.62707 -0.162064 0.995562 0.827255 0.446069 0.341585 -0.25135 0.17819 0.282308 0.339027 0.0169337 0.1785 0.274623 -0.232774 -0.0519971 -0.179879 -0.0195303 -0.134737 -0.265119 -0.240553 0.0272307 -0.225356 -0.243467 -0.52218 -0.384869 -0.228141 -0.0520798 0.00305045 -0.0473927 0.160116 -0.0803447 -0.00726343 0.226281 0.0421135 0.0335651 0.222898
C.3-O.2 5.06356 5.06356 5.06356 5.06356 5.06356 5.06356 5.06356 5.06356 5.06356 5.06356 5.06356 5.06356 -0.36302 0.56101 -1.89217 -1.38841 -0.788677 -0.135359 0.25454 -0.127249 0.660826 0.00735804 0.541874 0.110115 -0.0800063 0.0771801 0.0815216 0.320255 0.213553 0.365297 0.280293 0.578391 0.583745 0.204665 -0.0317365 -0.381281 -0.0657436 0.00243138 0.063049 -0.328415 -0.231931 -0.214551 -0.281843 -0.00409475 -0.151081 -0.0298333 -0.107655 -0.219587 -0.0280869 0.0497142
C.3-O.3 5.06356 5.06356 5.06356 5.06356 5.06356 5.06356 5.06356 5.06356 5.06356 5.06356 5.06356 5.06356 1.24525 -0.111742 0.461484 -0.524012 -0.0261965 -0.0795809 0.228123 0.338616 -0.126129 -0.0263415 -0.425758 -0.130421 -0.185516 -0.179814 -0.262019 -0.137587 -0.150816 -0.242597 -0.241683 -0.195368 0.0330124 -0.0517338 0.0281797 0.0242161 -0.277579 0.0866382 -0.0665815 -0.125134 -0.114908 -0.0140039 0.0315688 0.0491732 -0.179847 -0.0732157 -0.182321 -0.075381 -0.099553 0.0240339
C.3-O.co2 5.06356 5.06356 5.06356 5.06356 5.06356 5.06356 5.06356 5.06356 5.06356 5.06356 5.06356 5.06356 5.06356 3.14541 -2.12199 -2.00662 -0.86666 -0.0497648 -0.366649 -0.33468 -0.209608 -0.745359 0.359365 -0.203626 0.112731 -0.14906 -0.358706 -0.157441 0.00768744 0.318101 -0.225227 0.482955 -0.0808504 0.083875 -0.297725 0.142487 -0.105413 0.0192229 0.0483631 -0.10503 -0.0266979 0.0724099 -0.148187 0.0857814 -0.047518 -0.152212 0.0944369 -0.0983299 -0.156973 -0.0970311
C.3-P.3 5.06356 5.06356 5.06356 5.06356 5.06356 5.06356 5.06356 5.06356 5.06356 5.06356 5.06356 5.06356 5.06356 1.97479 5.06356 5.06356 3.06913 3.18764 -2.09348 -0.780584 -2.0919 -2.16671 -1.02497 -0.1994 -0.326397 0.691088 0.376243 -0.389175 -0.169843 0.0596366 -0.178775 -0.00411283 -0.149234 -0.542326 -0.501713 -0.048152 -0.333819 -0.211672 0.148055 0.229366 -0.452996 -0.220422 0.205305 0.292679 -0.0605008 0.0263831 -0.0863951 0.0256275 0.0798476 0.0199419
C.3-S.2 5.06356 5.06356 5.06356 5.06356 5.06356 5.06356 5.06356 5.06356 5.06356 5.06356 5.06356 5.06356 5.06356 5.06356 5.06356 -0.0678734 -0.605472 5.06356 5.06356 0.409759 5.06356 0.604996 -0.690381 -1.41036 5.06356 5.06356 -0.349854 -1.02536 -0.205735 1.94938 1.32687 5.06356 -1.34103 -0.177441 -1.33201 1.62767 -0.887403 0.728448 -0.630132 -0.255843 -1.13232 0.058207 -0.601506 -0.288961 1.40215 -0.463261 0.340282 0.633857 -0.563366 0.761358
C.3-S.3 5.06356 5.06356 5.06356 5.06356 5.06356 5.06356 5.06356 5.06356 5.06356 5.06356 5.06356 5.06356 5.06356 5.06356 5.06356 2.00048 0.517668 -0.0298093 0.176389 0.489985 0.361419 -0.211818 1.22815 0.0446744 1.10926 0.672414 -1.25972 1.10665 0.337924 0.746555 0.465853 -1.17877 -0.825777 -0.106025 0.0885989 -0.143597 -0.517491 -0.147602 0.316158 0.0603012 -0.349055 0.76328 -0.293903 -0.115892 0.418557 -0.551024 -0.167094 0.124977 0.290958 -0.281265
C.ar-C.ar 5.06356 5.06356 5.06356 5.06356 5.06356 5.06356 5.06356 5.06356 5.06356 5.06356 5.06356 5.06356 5.06356 4.03263 0.431268 0.760293 -0.484178 -1.1351 -1.07897 -0.845711 -0.839757 -0.707732 -0.545751 -0.411007 -0.480419 -0.158409 0.325289 0.307397 0.395132 0.316194 0.283066 0.137744 0.18466 -0.0763361 -0.127318 -0.210829 -0.16143 -0.161225 -0.17693 -0.103482 0.0491512 -0.0154874 0.0849216 0.101092 0.150122 0.147521 0.280015 0.263156 0.191495 0.0396541
C.ar-C.cat 5.06356 5.06356 5.06356 5.06356 5.06356 5.06356 5.06356 5.06356 5.06356 5.06356 5.06356 5.06356 5.06356 5.06356 2.40461 0.747043 -3.35001 -1.03178 -1.50495 0.965404 0.329155 0.333465 -0.963314 -0.832593 0.178699 -0.0786212 5.06356 1.1362 0.611544 -0.505411 0.64105 -0.128844 0.0612808 0.565444 -0.870748 1.2692 -0.410022 -0.552004 0.0360482 1.19793 -0.0309531 0.527318 1.9941 -2.61383 -0.488289 0.00379329 0.0544836 -0.798484 -1.60748 -0.720766
C.ar-Ha 5.06356 5.06356 5.06356 5.06356 5.06356 5.06356 5.06356 5.06356 5.06356 5.06356 5.06356 5.06356 5.06356 5.06356 -1.50388 0.134388 -1.16788 -1.03128 0.07862 -0.8137 -1.0201 -0.88942 -0.504793 -0.550805 -0.572199 0.441704 -0.597343 -0.140224 -0.270845 1.01543 0.504814 0.271595 -0.260756 -0.35172 -0.650134 -0.791298 0.0357943 0.147661 -0.853079 -0.00753423 0.540721 -0.110696 0.439439 0.220958 0.0846945 0.901333 0.724049 1.12233 0.541331 0.375162
C.ar-N.2 5.06356 5.06356 5.06356 5.06356 5.06356 5.06356 5.06356 5.06356 5.06356 5.06356 5.06356 5.06356 5.06356 5.06356 2.1441 -0.0469555 -0.197707 -0.892654 -0.815923 -0.94549 -0.91811 -0.444351 -0.884626 -0.402744 0.051367 -0.595943 -0.359839 -0.387427 -0.0420812 0.162067 0.407157 0.672842 0.0581431 -0.26245 -0.277388 -0.556719 -0.371702 0.0129548 -0.388036 0.177261 -0.0471666 -0.00581309 0.330931 0.423845 0.150487 0.223512 0.624818 0.160274 0.565267 0.096512
C.ar-N.3 5.06356 5.06356 5.06356 5.06356 5.06356 5.06356 5.06356 5.06356 5.06356 5.06356 5.06356 5.06356 5.06356 5.06356 5.06356 2.05161 0.124242 -1.39629 -0.240927 0.279613 1.0895 -2.003 0.565789 0.168072 -0.712329 0.203751 -0.195921 -0.33256 -0.221515 -0.28242 0.379582 0.285103 -0.480017 -0.290819 -0.920512 -0.318263 -0.906777 -0.0928339 -0.355606 1.44452 -0.140426 0.621761 -0.15723 -0.659571 0.377272 0.0465006 0.8602 0.528682 0.453137 0.869689
C.ar-N.4 5.06356 5.06356 5.06356 5.06356 5.06356 5.06356 5.06356 5.06356 5.06356 5.06356 5.06356 5.06356 5.06356 5.06356 1.83557 1.22792 -1.73015 0.486889 -0.324632 0.671929 -0.871412 -1.03879 0.247709 -0.586093 -0.880151 -0.0822483 -1.10274 0.152806 -0.057423 -0.325875 0.381099 -0.0502246 0.0218977 0.169725 0.0757017 0.00941336 0.175792 0.0663047 0.605544 -0.0378212 -0.573213 0.163093 0.30485 0.226402 0.242103 -0.142399 -0.493762 -0.169505 -0.109089 0.451036
C.ar-N.am 5.06356 5.06356 5.06356 5.06356 5.06356 5.06356 5.06356 5.06356 5.06356 5.06356 5.06356 5.06356 5.06356 3.35941 2.80912 0.403704 -0.434216 -0.801241 -0.897214 -1.02273 -0.76378 -0.377135 -0.568644 -0.311077 -0.441142 -0.403879 -0.299195 -0.183626 -0.0509417 0.0423733 -0.0460299 0.133525 0.0339006 -0.0273791 -0.220567 -0.278443 -0.516645 -0.193153 -0.361434 -0.169019 0.0561411 -0.00048893 0.287881 0.260404 0.419747 0.285234 0.513919 0.432103 0.480851 0.271481
C.ar-N.ar 5.06356 5.06356 5.06356 5.06356 5.06356 5.06356 5.06356 5.06356 5.06356 5.06356 5.06356 5.06356 5.06356 5.06356 1.86469 0.319061 -0.406419 -0.976453 -0.608765 -1.02603 -0.760099 -0.698113 -0.532454 -0.261974 -0.314772 -0.198341 0.108787 -0.139629 0.127101 0.417136 0.302512 0.262236 0.0143642 -0.14964 -0.154498 -0.227474 -0.219047 -0.239078 -0.15176 0.115986 -0.0404939 0.0579529 0.0612233 0.0641798 0.128922 0.13523 0.179407 0.288237 0.149271 0.28159
C.ar-N.pl3 5.06356 5.06356 5.06356 5.06356 5.06356 5.06356 5.06356 5.06356 5.06356 5.06356 5.06356 5.06356 5.06356 1.34681 1.59532 0.0291072 -0.867122 -0.19274 -0.03215 -0.609658 -0.855176 -0.587303 -0.387127 -0.133556 -0.374388 -0.454162 -0.51334 -0.049746 -0.18302 -0.201887 -0.0100389 -0.185408 0.0918076 -0.31613 -0.272544 -0.45681 -0.271 -0.327338 -0.0663594 0.0845523 -0.0157484 0.083953 0.00182808 0.373472 0.414684 0.38297 0.232388 0.370931 0.141287 0.380962
C.ar-O.2 5.06356 5.06356 5.06356 5.06356 5.06356 5.06356 5.06356 5.06356 5.06356 5.06356 5.06356 5.06356 3.30902 -1.07058 0.564936 -0.203019 -0.732848 -0.696211 -0.744881 -0.536985 -0.689521 -0.726464 -0.404324 -0.350195 -0.709394 -0.192331 -0.205236 -0.0239804 0.0954137 -0.170059 -0.336181 -0.111638 -0.137851 -0.240237 -0.157761 -0.148265 -0.145992 -0.329415 -0.260427 -0.121729 -0.0674529 0.106234 0.301952 0.28055 0.428299 0.353701 0.179118 0.515421 0.515021 0.363154
C.ar-O.3 5.06356 5.06356 5.06356 5.06356 5.06356 5.06356 5.06356 5.06356 5.06356 5.06356 5.06356 5.06356 0.845298 5.06356 2.8198 0.434392 -0.280826 0.526885 0.0926385 0.398898 0.798838 0.361429 0.422551 0.350303 0.0903223 0.240994 -0.0972749 0.0380487 0.0480412 -0.12051 0.0240563 0.374813 -0.0223676 -0.148454 -0.0430604 -0.123934 -0.194653 -0.0627448 -0.192846 -0.162245 -0.00451019 -0.0539088 -0.0854063 -0.0178891 -0.104952 -0.10911 0.014009 -0.0617705 -0.115556 -0.128505
C.ar-O.co2 5.06356 5.06356 5.06356 5.06356 5.06356 5.06356 5.06356 5.06356 5.06356 5.06356 5.06356 5.06356 5.06356 4.0384 2.16803 -0.201388 0.157479 1.21589 0.937565 1.59991 1.43522 1.38009 0.673053 0.510054 0.45254 0.366617 0.211608 0.199477 0.0316992 0.376661 0.232092 -0.165157 0.140439 0.258488 0.0759289 0.0665683 -0.319898 -0.136623 -0.227241 -0.178022 -0.079812 -0.0782271 0.12892 -0.237174 -0.231941 -0.315094 -0.296946 -0.186149 -0.11808 -0.222958
C.ar-P.3 5.06356 5.06356 5.06356 5.06356 5.06356 5.06356 5.06356 5.06356 5.06356 5.06356 5.06356 5.06356 5.06356 5.06356 5.06356 2.76153 0.85963 0.127322 -0.137452 -0.159577 1.62849 -0.0383013 0.37739 -0.122473 1.56182 0.258565 0.525808 0.960695 -0.286253 -0.0676513 -0.279178 0.276555 0.108382 -0.269813 -0.185944 -0.0140903 0.223889 -0.14328 0.070614 -0.281681 -0.309475 0.217312 -0.202713 -0.437431 -0.481693 -0.308266 -0.297919 -0.101333 -0.0523069 -0.190521
C.ar-S.3 5.06356 5.06356 5.06356 5.06356 5.06356 5.06356 5.06356 5.06356 5.06356 5.06356 5.06356 5.06356 5.06356 5.06356 5.06356 2.00048 0.677996 0.877032 0.295019 -1.27363 -1.33227 -0.597616 -0.492448 -0.296358 0.133245 -0.33171 -1.58883 -0.779078 0.19429 1.1467 -1.41486 -0.346017 -0.293423 0.979359 0.471621 0.538462 -0.201703 -0.582287 0.150813 -0.336508 -0.118382 0.103217 -0.266932 -0.172541 0.291694 0.451492 0.786602 0.0524761 -0.354469 0.659945
C.cat-N.ar 5.06356 5.06356 5.06356 5.06356 5.06356 5.06356 5.06356 5.06356 5.06356 5.06356 5.06356 5.06356 5.06356 5.06356 5.06356 -0.315669 5.06356 5.06356 -1.49449 -2.36689 -0.0234953 -0.909506 -0.381763 -0.335785 2.79104 1.31953 3.98062 0.109891 -0.74738 -0.243655 -0.158171 2.25187 1.21348 0.75512 0.519999 3.53728 -0.562056 0.965912 0.276962 -0.61827 -1.79761 -0.998981 0.0710019 -0.234282 -2.65515 -0.0983319 0.0887446 2.54088 -0.960003 -1.5403
C.cat-O.3 5.06356 5.06356 5.06356 5.06356 5.06356 5.06356 5.06356 5.06356 5.06356 5.06356 5.06356 5.06356 5.06356 4.0384 1.16338 0.174082 0.365985 5.06356 5.06356 1.61988 -0.626631 0.0194618 -1.69036 1.5142 0.0155208 -1.55082 -1.15909 -1.17974 1.00044 -0.115281 0.961508 0.176319 -0.312935 0.423401 0.741467 0.890335 0.448508 0.735573 -0.130278 -0.662953 -0.0638749 0.499282 -0.769242 0.323012 0.204209 0.576952 -0.787075 0.488572 -0.977441 -0.265927
Ha-O.3 5.06356 5.06356 5.06356 5.06356 5.06356 5.06356 5.06356 5.06356 5.06356 5.06356 5.06356 5.06356 5.06356 5.06356 0.627652 -0.336989 0.888729 0.705944 0.417844 1.91265 0.22203 -0.416763 1.50707 0.166063 1.70687 -0.694233 0.040688 -0.302477 -0.097877 0.254808 -0.0812897 0.0962722 -0.0403732 0.328492 -0.23428 0.0138036 -0.0521826 -0.0197705 0.249962 0.185695 -0.276263 -0.163016 -0.203616 0.223992 -0.0178958 -0.0403085 -0.318644 -0.372606 0.095669 -0.225509
N.2-N.4 5.06356 5.06356 5.06356 5.06356 5.06356 5.06356 5.06356 5.06356 5.06356 5.06356 5.06356 5.06356 5.06356 5.06356 1.18982 1.06277 -2.17123 -0.538744 -0.24791 5.06356 5.06356 1.05827 2.43142 -3.10554 0.619934 1.19527 2.33722 0.797187 0.312868 0.704215 -0.220833 0.510855 0.728583 -0.0905998 0.777325 -0.52931 -0.692407 0.19515 0.549352 0.953667 -0.432349 -1.09119 -1.05941 -1.32699 -0.553497 -0.865402 1.7181 -3.06678 1.01508 1.22756
N.2-N.am 5.06356 5.06356 5.06356 5.06356 5.06356 5.06356 5.06356 5.06356 5.06356 5.06356 5.06356 5.06356 5.06356 -0.790251 -1.51547 0.437214 -1.08221 -0.955293 -1.34176 -0.737341 -0.811749 -1.22283 1.03882 -0.365045 -0.257962 -0.682204 -0.0965567 0.595721 0.20079 -0.201031 0.595653 -0.268783 -0.171038 -0.280563 -0.981817 -0.573558 -0.481784 -0.522836 0.39192 -0.482114 0.35056 -0.0771953 0.809638 0.683718 0.67912 1.26363 0.967725 0.625151 0.556377 0.25335
N.2-N.ar 5.06356 5.06356 5.06356 5.06356 5.06356 5.06356 5.06356 5.06356 5.06356 5.06356 5.06356 5.06356 5.06356 5.06356 1.28293 1.36014 -0.271488 -0.787014 -0.847263 -1.00363 -0.20893 -0.346464 -0.378768 -0.260578 -0.485733 -0.428439 0.0457605 -0.37354 -0.42215 0.0313686 -0.0787341 -0.309466 0.118798 -0.171091 -0.52899 -0.53725 -0.292344 0.146524 -0.066055 -0.205656 -0.278375 0.0235341 0.000733402 0.398627 0.480377 0.375631 0.382262 0.409346 0.442561 0.545329
N.2-N.pl3 5.06356 5.06356 5.06356 5.06356 5.06356 5.06356 5.06356 5.06356 5.06356 5.06356 5.06356 5.06356 5.06356 -0.698286 -0.825896 -0.914852 -0.949464 -1.3745 -1.61798 -0.592235 -0.556566 -0.325853 -0.70371 -0.729846 -0.411913 0.119051 0.148001 -0.287772 -0.381766 -0.0499863 0.567921 0.106366 -0.409957 0.263045 -0.0987672 -0.325701 -0.288146 -0.256083 0.0254021 0.305237 -0.148425 0.113486 0.492081 0.571508 0.154534 -0.0416603 0.792454 0.226754 -0.23594 0.769901
N.2-O.2 5.06356 5.06356 5.06356 5.06356 5.06356 5.06356 5.06356 5.06356 5.06356 5.06356 5.06356 5.06356 5.06356 5.06356 3.0775 1.95514 -0.73276 -1.10866 -1.61094 -0.443394 -0.20067 -0.753209 -1.10309 -0.681906 -0.713003 -0.68131 -0.554271 0.0830228 0.15962 -0.49481 0.518208 1.00596 -0.377631 0.0397927 -0.392259 0.209331 -0.601662 -0.30091 -0.170564 0.516432 0.664531 0.152735 0.182972 0.156527 0.492006 0.0108493 0.210483 0.328059 0.884193 0.000280853
N.2-O.3 5.06356 5.06356 5.06356 5.06356 5.06356 5.06356 5.06356 5.06356 5.06356 5.06356 1.31559 1.49741 5.06356 -1.3585 1.03512 0.34009 0.722504 0.351118 -0.803254 -1.31222 0.562476 -0.353447 -1.04508 -0.0144164 -0.481267 -0.0446803 0.0959628 0.15535 -0.532254 0.311732 0.0584027 -0.19536 -0.716138 0.203261 0.0416562 0.610454 -0.945686 -0.222818 0.259522 -0.35312 -0.246282 0.123781 -0.11761 0.417984 -0.54867 0.215058 0.281536 0.226802 0.332797 -0.59985
N.2-O.co2 5.06356 5.06356 5.06356 5.06356 5.06356 5.06356 5.06356 5.06356 5.06356 5.06356 5.06356 5.06356 5.06356 5.06356 3.0775 0.0392578 -0.856938 0.232378 0.346368 -1.00491 -0.277871 1.72552 -0.479516 -0.725947 -0.459114 -0.740876 0.106928 -0.113413 -1.13997 0.944947 -0.131926 -0.533372 0.758665 0.533599 -0.0738792 0.675471 1.07245 0.268612 -0.629798 0.668356 0.632145 -0.102811 0.00726007 0.148333 0.160771 -0.49113 -0.381838 0.330212 -0.574422 -0.353058
N.2-P.3 5.06356 5.06356 5.06356 5.06356 5.06356 5.06356 5.06356 5.06356 5.06356 5.06356 5.06356 5.06356 5.06356 5.06356 5.06356 5.06356 2.30013 -0.0274844 -0.808201 -0.982805 -0.931466 0.28637 1.37981 0.905351 -0.63888 -0.490256 0.329674 -1.00973 -0.372 0.439566 -0.158056 2.58223 0.678441 0.721694 1.09663 1.90704 0.175994 -0.445993 0.343965 0.0540912 -0.270552 -0.127573 0.948957 -0.124467 -0.278358 -0.536692 -0.253188 -0.701574 -0.292574 -0.880133
N.3-N.ar 5.06356 5.06356 5.06356 5.06356 5.06356 5.06356 5.06356 5.06356 5.06356 5.06356 5.06356 5.06356 5.06356 -0.760397 0.0756038 5.06356 5.06356 -1.73646 5.06356 -0.425788 1.34367 5.06356 5.06356 -0.833634 -0.0387529 0.105784 -0.227614 -0.476868 -0.230968 -0.198211 -0.539864 1.93302 -0.413603 -0.566734 -0.270839 -1.13645 -0.486349 0.320403 -0.00968689 -0.128037 0.376481 0.0812074 0.147332 0.311942 -0.096936 -0.414599 -0.0397856 0.340348 0.471094 0.465904
N.3-O.3 5.06356 5.06356 5.06356 5.06356 5.06356 5.06356 5.06356 5.06356 5.06356 5.06356 5.06356 5.06356 5.06356 5.06356 3.0775 1.02408 5.06356 -1.7587 -0.473043 0.563837 -1.44237 1.15963 5.06356 0.0054046 0.727707 -0.464775 0.191504 0.55328 5.06356 -0.173366 1.15107 0.239033 -0.186575 0.570409 -2.50655 -1.03328 -0.150301 1.18585 -1.14539 -0.398569 -0.220868 -0.189948 -1.03127 0.979308 -0.22504 -0.0296522 0.667841 0.457718 -0.119061 -0.0473095
N.4-N.am 5.06356 5.06356 5.06356 5.06356 5.06356 5.06356 5.06356 5.06356 5.06356 5.06356 5.06356 5.06356 5.06356 0.776694 5.06356 5.06356 0.397405 -1.48695 0.930394 2.72822 -0.524273 -0.653817 -0.51789 0.321368 -0.874294 0.564322 -0.825034 -1.75826 -0.372634 1.12783 0.204758 -0.128359 0.104756 0.0619017 0.24379 -0.573178 0.360894 -1.51907 0.720936 -0.298963 0.259958 0.453158 0.348997 0.97011 -0.884456 -0.415545 -0.0486836 0.713205 -0.154213 0.204531
N.4-N.ar 5.06356 5.06356 5.06356 5.06356 5.06356 5.06356 5.06356 5.06356 5.06356 5.06356 5.06356 1.11707 1.28374 -1.5932 -2.99291 0.986478 2.47674 -0.279031 -1.84954 1.1697 -0.489188 -0.456453 -1.22824 0.837287 -0.634496 -0.266121 -0.193826 -0.488306 -0.132469 -0.00558423 0.39547 -0.2906 1.02356 0.411768 0.100125 -0.50128 -1.11171 -0.294097 0.665222 -0.20147 -0.0926119 0.672953 -0.162489 0.468003 -0.764589 0.446766 -0.165177 0.645954 0.128251 -0.246316
N.4-N.pl3 5.06356 5.06356 5.06356 5.06356 5.06356 5.06356 5.06356 5.06356 5.06356 5.06356 5.06356 5.06356 5.06356 5.06356 5.06356 -0.811127 1.94786 5.06356 -0.359056 -1.87021 -0.860291 -1.03065 1.19301 -1.00415 -0.00260514 1.07181 2.43462 0.409014 -0.73465 0.28812 -0.397123 0.530275 -1.65343 -0.854143 -0.456548 -1.02739 0.467318 -0.234448 -0.168932 -0.963102 -0.0581778 -0.0471442 0.331126 -0.186106 0.937604 -0.510565 0.711107 0.218325 0.337471 0.665686
N.4-O.2 5.06356 5.06356 5.06356 5.06356 5.06356 5.06356 5.06356 5.06356 5.06356 5.06356 5.06356 0.317829 -0.737877 -2.00989 0.0785338 0.0338574 -1.48554 -1.50982 1.98503 -0.458143 0.775809 1.0553 0.468061 0.192935 -0.290701 0.99275 0.322239 0.273414 -0.605411 0.877196 -0.344987 -0.555681 -0.728973 -0.176017 -0.121608 0.288974 0.771525 0.19253 -0.00602408 0.882945 0.113791 -2.11628 0.0667061 0.915439 0.492171 -0.00030309 -0.284797 -0.740855 -0.151127 0.0129685
N.4-O.3 5.06356 5.06356 5.06356 5.06356 5.06356 5.06356 5.06356 5.06356 5.06356 5.06356 5.06356 5.06356 1.62877 -2.07593 -0.95689 4.70546 0.874682 -2.22497 1.15167 -0.490252 3.41916 -1.4434 -0.219163 0.315891 -0.490707 0.232584 -0.369041 -0.243904 -0.45795 -0.402694 0.482689 0.34145 0.831082 -0.0987797 0.694427 0.258922 -0.13569 -0.0283109 0.0574368 -0.128191 -0.376183 -0.0065404 -0.189966 0.0495397 -0.238055 -0.00784595 -0.157644 -0.161906 -0.286253 -0.278484
N.4-O.co2 5.06356 5.06356 5.06356 5.06356 5.06356 5.06356 5.06356 5.06356 5.06356 5.06356 5.06356 5.06356 -0.858713 -3.55958 -0.244053 2.68937 0.0691223 -4.24562 -1.4905 -0.0662362 -1.44971 -0.53725 -0.635259 -1.04335 -2.00397 -0.256603 -0.793009 -1.04177 0.458823 0.0187233 0.7282 -0.564852 -0.523225 -0.290581 -0.164073 -0.00798323 0.88444 -0.327804 0.376571 0.231114 -0.563119 0.131428 0.396536 0.122374 0.518325 0.464113 0.648104 0.00605481 -0.0626523 0.135919
N.4-P.3 5.06356 5.06356 5.06356 5.06356 5.06356 5.06356 5.06356 5.06356 5.06356 5.06356 5.06356 5.06356 5.06356 5.06356 5.06356 5.06356 -2.69579 -2.61488 -1.59794 -0.561893 -1.54501 -0.948014 0.236235 -1.81097 -0.626609 -0.869286 1.14384 -1.85127 -0.632451 -0.69719 -1.73163 -1.8686 1.60808 0.960777 -0.126295 -0.0537606 -0.341934 1.51152 0.0371012 -1.28559 -1.06946 0.0772292 0.407709 1.38567 0.393389 0.933864 0.0226174 -0.55117 0.537627 1.22891
N.am-N.am 5.06356 5.06356 5.06356 5.06356 5.06356 5.06356 5.06356 5.06356 5.06356 5.06356 5.06356 5.06356 5.06356 0.5308 5.06356 5.06356 -0.0782045 -1.53139 -0.67461 -0.911106 -0.511058 -1.37346 -0.502891 -0.322728 -1.18319 -1.20056 0.10505 -0.0714192 0.696064 0.0470908 0.211264 0.464834 1.73894 0.554685 0.147868 -0.0193069 -0.491191 -0.969481 -0.545588 -0.661832 -0.267234 0.837062 0.124301 0.122282 0.533033 -0.0212799 0.234072 0.616838 0.446179 1.50192
N.am-N.ar 5.06356 5.06356 5.06356 5.06356 5.06356 5.06356 5.06356 5.06356 5.06356 5.06356 5.06356 5.06356 0.518104 0.511673 -0.930928 2.65303 0.0758835 -0.467256 -0.89611 -0.909463 -0.45026 -0.655789 -0.120838 -0.389559 -0.880786 -0.810103 -0.158768 0.0828292 -0.0958459 -0.247129 0.240548 -0.185942 0.0587896 -0.281969 -0.432946 -0.344861 -0.0644514 -0.0975225 -0.178717 0.0431023 -0.0927612 0.0669383 0.123447 0.344499 0.14934 0.179322 0.619904 0.573737 0.652328 0.187111
N.am-N.pl3 5.06356 5.06356 5.06356 5.06356 5.06356 5.06356 5.06356 5.06356 5.06356 5.06356 5.06356 5.06356 1.96861 2.12245 0.899017 0.269699 -0.350577 -0.527877 -1.46631 -1.00543 -0.729291 -0.566054 -0.28831 -0.45725 -0.538634 -0.672631 0.467212 -0.419893 -0.48151 -0.258214 0.321331 0.177444 -0.187963 0.00403037 -0.00235826 0.279176 -0.597527 -0.0700715 0.283179 -0.277378 -0.0830517 0.143929 0.565997 0.472835 0.125503 0.348043 0.153265 0.198928 0.289297 0.185071
N.am-O.2 5.06356 5.06356 5.06356 5.06356 5.06356 5.06356 5.06356 5.06356 5.06356 5.06356 5.06356 5.06356 1.24826 0.303433 -0.575135 0.652593 0.123744 -0.243566 -0.974237 -0.254526 -0.449434 -0.597905 -0.334981 -0.154112 -0.409534 -0.560971 0.367793 -0.0323937 -0.232397 -0.762337 -0.457587 0.0685884 0.609573 -0.169399 -0.0676662 -0.449598 -0.019948 0.0137508 0.0123278 -0.544571 -0.0530106 0.248571 -0.348478 0.0121466 -0.093612 0.574284 0.255157 0.250161 0.470974 0.922648
N.am-O.3 5.06356 5.06356 5.06356 5.06356 5.06356 5.06356 5.06356 5.06356 5.06356 5.06356 5.06356 5.06356 2.04179 -0.0180776 -1.13863 0.460349 -0.129495 -0.69601 0.177365 -0.312376 -0.444156 1.58237 0.675183 -0.293083 0.573223 0.411355 -0.0472038 -0.119543 -0.529994 -0.066253 -0.469711 -0.0990431 -0.10411 -0.194861 -0.235675 -0.276439 0.0255695 -0.0596267 0.995849 0.063355 0.227705 0.0478594 0.228369 0.154834 -0.458569 -0.378875 0.136193 -0.372491 -0.351539 0.315356
N.am-O.co2 5.06356 5.06356 5.06356 5.06356 5.06356 5.06356 5.06356 5.06356 5.06356 5.06356 5.06356 1.43817 0.243397 -1.23426 -0.122218 0.70928 0.699593 -0.699471 0.44908 0.459661 0.527511 -0.0236898 0.324059 -0.458147 -0.249304 -0.596783 0.344183 0.568872 0.555281 0.177681 0.447132 -0.0831275 0.615388 0.312158 -0.154366 0.220609 0.0893621 0.304212 -0.372535 0.282097 -0.0130567 -0.223402 -0.0772818 -0.058328 -0.228614 -0.102513 -0.358111 -0.350403 -0.0451027 -0.0373675
N.am-P.3 5.06356 5.06356 5.06356 5.06356 5.06356 5.06356 5.06356 5.06356 5.06356 5.06356 5.06356 5.06356 5.06356 5.06356 5.06356 5.06356 2.30013 -0.763701 -1.34003 -0.368218 -0.599571 1.59693 2.17086 5.06356 1.90453 0.479905 -0.918542 1.63121 0.707976 0.903261 -0.139419 -0.111029 -0.0597427 2.05476 0.194072 -0.166238 0.037133 -0.150197 -0.43929 0.040292 0.262995 -0.731396 0.330111 -0.259386 -0.585652 -0.169496 -0.580984 -0.129432 0.152473 -0.247346
N.ar-N.ar 5.06356 5.06356 5.06356 5.06356 5.06356 5.06356 5.06356 5.06356 5.06356 5.06356 5.06356 5.06356 5.06356 2.96523 3.12972 0.596091 -0.617447 -0.804436 -0.843352 -0.814469 -0.45391 -0.736533 -0.476911 -0.452964 -0.50178 0.085262 0.14573 0.277434 0.361035 0.251367 -0.00667141 0.330052 0.0773644 -0.154333 -0.357098 -0.355082 -0.434295 -0.133712 -0.0857685 -0.100697 0.100775 0.0493178 -0.264534 0.253971 0.383827 0.168364 0.157437 0.263998 0.0301934 0.488206
N.ar-N.pl3 5.06356 5.06356 5.06356 5.06356 5.06356 5.06356 5.06356 5.06356 5.06356 5.06356 5.06356 5.06356 5.06356 -0.428387 0.362892 1.06834 0.229575 -0.616371 -0.685265 -0.251846 -0.380609 -0.378754 -0.533616 -0.474805 -0.56626 -0.567069 -0.144884 -0.118233 -0.0709202 -0.0237366 0.176127 -0.112064 0.00256685 -0.499432 -0.383226 -0.596032 -0.130125 -0.174083 -0.0570994 0.0722723 0.128927 -0.0229703 0.0585042 0.466282 0.186158 0.0229321 0.387192 0.4167 0.401023 0.224233
N.ar-O.2 5.06356 5.06356 5.06356 5.06356 5.06356 5.06356 5.06356 5.06356 5.06356 5.06356 5.06356 5.06356 -0.0384428 0.705742 -4.86619e-05 -0.103166 -0.466301 -1.02328 -1.17037 -0.498154 -0.529789 -0.311912 -0.346949 -0.611542 -0.55136 -0.291957 -0.444334 -0.00328142 0.0510562 -0.343366 0.260634 0.128441 -0.0435095 -0.196792 -0.277137 -0.289792 -0.58855 -0.357268 0.054786 -0.126565 0.0524311 0.400428 0.0510102 0.369523 0.277394 0.470766 0.327455 0.611145 0.353433 0.407584
N.ar-O.3 5.06356 5.06356 5.06356 5.06356 5.06356 5.06356 5.06356 5.06356 5.06356 5.06356 5.06356 5.06356 2.88076 -0.0358129 0.895497 2.24626 1.64998 -0.250802 0.138582 0.144883 0.312166 0.369762 0.446409 0.594082 0.331854 0.208052 0.219411 0.052003 0.0949234 -0.311485 -0.183445 -0.158567 0.126 -0.0215193 -0.084783 0.0679763 -0.0268817 0.153447 -0.0735421 -0.252011 -0.250348 0.0205192 -0.0609117 -0.159606 -0.0808344 -0.0349668 -0.0207852 -0.215415 -0.201127 0.0459277
N.ar-O.co2 5.06356 5.06356 5.06356 5.06356 5.06356 5.06356 5.06356 5.06356 5.06356 5.06356 5.06356 5.06356 5.06356 2.75325 5.06356 3.41254 0.540674 0.496606 0.962717 1.15159 1.23889 0.879082 0.740762 1.17707 1.03818 0.829815 0.0924727 0.498496 0.387268 0.273642 0.04711 0.320449 0.285725 0.105125 0.0892662 -0.171373 -0.418942 -0.136657 -0.305642 -0.281366 -0.0420155 -0.289643 -0.442193 -0.149231 0.00723789 -0.242878 -0.250171 -0.130975 -0.175725 -0.101057
N.ar-P.3 5.06356 5.06356 5.06356 5.06356 5.06356 5.06356 5.06356 5.06356 5.06356 5.06356 5.06356 5.06356 5.06356 5.06356 5.06356 5.06356 2.30013 -0.0274844 -0.808201 1.40061 5.06356 0.940876 3.46249 -0.380373 2.18513 1.14575 0.920926 -0.42198 0.464061 0.649873 -0.349363 -0.0963501 0.462881 -0.324876 -0.0158284 -0.117694 -0.00805557 -0.299264 0.135273 -0.296411 -0.263634 -0.157603 -0.00183657 0.0406398 -0.46694 -0.0316137 -0.307887 -0.196825 -0.359154 -0.518438
N.ar-S.3 5.06356 5.06356 5.06356 5.06356 5.06356 5.06356 5.06356 5.06356 5.06356 5.06356 5.06356 5.06356 5.06356 5.06356 5.06356 5.06356 1.12203 0.49318 -0.430664 0.709606 0.87881 -0.580093 -0.773189 -0.239926 -1.55877 -0.719342 0.000124751 -0.882737 -0.352265 -0.657222 2.77319 -1.87431 0.3815 -0.107823 0.0960052 -0.507777 1.17612 0.128235 0.0428117 -0.275293 -0.34889 -0.339144 0.453957 0.12881 0.767691 0.100429 -0.368137 -0.295411 0.700531 0.756636
N.pl3-N.pl3 5.06356 5.06356 5.06356 5.06356 5.06356 5.06356 5.06356 5.06356 5.06356 5.06356 5.06356 5.06356 5.06356 1.78219 2.05593 0.612697 -0.622994 -0.575235 -0.980026 -1.11516 -0.864165 -0.00344173 -0.483771 -0.858728 -0.45066 0.198523 -0.34394 0.260132 0.49334 -0.180889 -0.610094 0.183005 -0.459116 -0.403676 -0.53776 -0.382583 -0.396629 -0.433299 -0.173287 0.0155642 -0.073259 0.00542683 -0.174079 0.513322 0.307865 0.190294 0.612928 0.593726 0.0979943 1.84009
N.pl3-O.2 5.06356 5.06356 5.06356 5.06356 5.06356 5.06356 5.06356 5.06356 5.06356 5.06356 5.06356 5.06356 -0.692155 -1.26591 -1.35084 -0.36209 -0.636283 -0.899256 -0.771869 -0.372571 0.227895 0.0113519 -0.0269948 0.139242 -0.469718 -0.429348 -0.559908 -0.357097 -0.252395 -0.566076 -0.493052 -0.0448665 0.140208 -0.22393 0.0767659 -0.218203 -0.440244 -0.278476 -0.0952604 0.151282 0.279171 -0.0128815 0.17274 0.584993 0.616313 0.821809 0.1047 0.00299237 0.547502 0.137427
N.pl3-O.3 5.06356 5.06356 5.06356 5.06356 5.06356 5.06356 5.06356 5.06356 5.06356 5.06356 5.06356 1.20262 5.06356 1.64768 0.999344 1.11679 0.384128 -0.301942 0.563202 -0.0437428 0.217323 0.0456776 0.575587 1.09654 0.066009 0.0048118 -0.0748053 -0.0892127 0.0783806 -0.0965983 0.129092 -0.0899387 -0.278636 -0.0764426 -0.229584 0.0241491 -0.129743 -0.106214 0.0561951 -0.181469 -0.092857 -0.0194734 -0.00424705 -0.140067 -0.232765 -0.0977702 -0.186086 0.103491 -0.226014 0.282397
N.pl3-O.co2 5.06356 5.06356 5.06356 5.06356 5.06356 5.06356 5.06356 5.06356 5.06356 5.06356 5.06356 5.06356 1.45494 -2.00498 -0.417131 0.0565469 -0.340284 -0.651742 -0.107206 -0.325967 -0.383692 -0.443562 0.314561 0.0757016 -0.0109315 -0.268726 0.578801 0.507002 0.433394 0.200007 0.0664007 0.0776644 0.416913 -0.130581 0.228999 -0.216927 0.0035751 0.143697 0.379481 0.286203 -0.266958 0.235897 -0.27239 -0.107769 -0.0927284 -0.00194824 -0.094231 -0.0151674 -0.215871 -0.245883
N.pl3-P.3 5.06356 5.06356 5.06356 5.06356 5.06356 5.06356 5.06356 5.06356 5.06356 5.06356 5.06356 5.06356 5.06356 5.06356 5.06356 5.06356 0.124221 0.60722 0.0246046 -0.660176 -1.12293 0.129016 0.774106 -0.124908 0.188268 0.382076 -0.068871 0.0676412 0.25572 -0.697706 -0.162763 -0.0617479 0.715963 0.232455 -0.0124202 1.57971 1.18722 0.173208 0.161905 -0.48861 -0.409989 -0.456439 0.0102575 0.265568 -0.148243 -0.54237 0.301247 -0.146413 -0.408782 -0.226321
O.2-O.2 5.06356 5.06356 5.06356 5.06356 5.06356 5.06356 5.06356 5.06356 5.06356 5.06356 5.06356 0.619675 0.786341 5.06356 0.0346133 5.06356 0.595571 0.0301099 -1.2984 -0.32502 -0.55128 -0.544984 -0.122479 1.15564 0.489714 -0.0769905 -0.995859 -0.499982 0.0246156 -0.622062 -0.415731 -0.905311 -0.0381164 -0.233345 0.113923 0.0968906 -0.274265 -0.680529 0.470929 0.329068 -0.381334 -0.0633478 0.371204 -0.333334 0.294113 1.09694 -0.407795 -0.150364 0.51582 1.14362
O.2-O.3 5.06356 5.06356 5.06356 5.06356 5.06356 5.06356 5.06356 5.06356 5.06356 5.06356 5.06356 2.24126 2.38358 1.76028 2.47066 2.19304 0.914235 0.666229 -0.126021 -0.0771908 -0.030294 0.272588 -0.386655 0.375588 0.185764 -0.00729559 0.449887 0.323265 0.996774 0.0303719 0.566061 0.538413 0.604945 -0.57399 0.725914 -0.262907 0.213365 -0.0186308 0.0536473 -0.00243148 -0.586435 -0.0267794 -0.542469 -0.0481476 -0.116722 -0.437382 -0.00849961 -0.291107 -0.0643906 -0.523276
O.2-O.co2 5.06356 5.06356 5.06356 5.06356 5.06356 5.06356 5.06356 5.06356 5.06356 5.06356 5.06356 5.06356 1.7883 -0.964911 -0.0427252 -0.640223 2.0322 0.616282 0.491239 -0.381781 0.10598 -0.1281 -0.624875 -0.0640652 0.223538 -0.22802 -0.723389 0.144615 -0.48953 -0.94975 0.403177 -0.190851 0.0300251 -0.339735 -0.314251 -0.105637 0.014817 -0.255739 0.263427 0.576351 0.652515 0.0149885 0.0572009 0.696149 0.012987 -0.316701 -0.0884452 0.284903 -0.179464 -0.109991
O.2-P.3 5.06356 5.06356 5.06356 5.06356 5.06356 5.06356 5.06356 5.06356 5.06356 5.06356 5.06356 5.06356 5.06356 5.06356 4.5434 1.31309 0.145724 -1.86473 0.406006 -0.851752 0.646452 -0.476737 -1.78758 -0.410936 0.542563 0.716556 0.110057 -0.852092 -0.542298 -0.103867 -0.316039 -0.0485653 -0.154598 0.224513 -0.0642077 0.218978 0.0118114 0.495631 0.309987 -0.437452 0.132225 -0.276641 0.415299 -0.432342 0.370663 0.0717872 0.217953 0.269348 -0.758737 0.175282
O.3-O.3 5.06356 5.06356 5.06356 5.06356 5.06356 5.06356 5.06356 5.06356 5.06356 5.06356 5.06356 1.32264 -1.69075 -0.248517 1.38927 1.89523 -0.257007 -0.0406985 -1.05979 -0.216246 0.19311 0.782885 -0.660572 -0.216723 -0.574807 0.249835 -0.326815 -0.169169 0.0483437 -0.163346 -0.168573 0.159218 0.30028 0.229532 -0.189301 0.105602 -0.037806 -0.129547 -0.0829819 0.0189131 0.249109 -0.240668 -0.166987 0.214885 0.0194735 0.173815 0.279978 -0.497816 -0.300348 -0.435596
O.3-O.co2 5.06356 5.06356 5.06356 5.06356 5.06356 5.06356 5.06356 5.06356 5.06356 5.06356 5.06356 0.115615 -2.37786 -0.311595 3.86224 3.18851 0.104543 0.0256225 0.659601 -0.0873006 0.36924 -0.181894 -0.379161 0.175787 0.0428965 0.541073 -0.525567 0.817556 0.356771 0.327151 -0.267744 -0.111679 -0.0301282 0.141135 0.263535 -0.0124752 -0.151413 -0.0471635 -0.0478585 0.238347 0.181384 -0.158912 -0.13537 0.0497894 -0.118714 -0.116177 -0.321037 -0.479014 -0.23865 -0.00408747
O.3-P.3 5.06356 5.06356 5.06356 5.06356 5.06356 5.06356 5.06356 5.06356 0.253312 5.06356 5.06356 5.06356 5.06356 5.06356 0.307064 2.14073 -0.376047 1.46233 -1.67812 1.12759 0.138714 2.15712 1.76445 -1.077 -0.484521 -0.0318773 -1.00696 0.218146 -0.0351889 -0.251544 -0.519539 0.115523 -0.0877628 0.72978 0.341484 -0.438339 -0.12546 0.648141 -0.553034 -0.19359 0.445548 -0.223912 -0.233375 -0.343019 -0.413802 0.323156 -0.242733 0.0300637 -0.0731415 -0.334547
O.3-S.3 5.06356 5.06356 5.06356 5.06356 5.06356 5.06356 5.06356 5.06356 5.06356 5.06356 5.06356 5.06356 5.06356 5.06356 0.72678 5.06356 5.06356 5.06356 0.45343 0.151604 1.37856 0.533563 0.122388 -0.334713 -0.622733 -0.647145 0.428322 0.206573 -0.43825 0.701273 0.510372 0.410562 0.203114 -0.0869754 -0.737251 0.395178 -0.409081 -0.454806 -0.810168 -0.00778593 -0.0975614 -0.0304989 0.0188639 0.581855 -0.196621 0.361611 0.127418 -0.180642 -0.279302 -0.0218936
O.co2-O.co2 5.06356 5.06356 5.06356 5.06356 5.06356 5.06356 5.06356 5.06356 5.06356 5.06356 5.06356 5.06356 5.06356 1.81082 0.209277 1.94933 0.877332 2.30472 0.963554 0.317854 1.49931 0.815708 0.17712 0.677969 1.06065 0.662251 0.566817 0.296383 0.355995 1.34951 0.331928 -0.203962 0.606728 0.105532 0.28355 -0.0798621 -0.106545 -0.147816 -0.062594 0.0768751 -0.317724 -0.523485 -0.240461 -0.522063 -0.333956 -0.0138675 -0.156235 -0.0959058 -0.292896 -0.226754
O.co2-P.3 5.06356 5.06356 5.06356 5.06356 5.06356 5.06356 5.06356 5.06356 5.06356 5.06356 5.06356 5.06356 5.06356 5.06356 4.5434 1.31309 0.145724 -0.245004 -0.342209 -0.332701 2.20155 0.104349 0.0210992 2.74466 -0.478326 2.33582 1.0297 0.74199 0.409232 0.52524 0.651376 0.328102 -0.145112 -0.0377468 0.147807 0.0420209 -0.0767629 -0.397464 -0.295349 -0.116388 -0.556215 -0.412073 -0.37765 -0.512681 -0.253981 -0.229799 0.106236 0.0512216 -0.526184 0.161985
